URL,OutDegree,InDegree,Rank
https://en.wikipedia.org/wiki/Samsung_Galaxy,1410,1,1411
https://www.samsung.com/us/mobile/,413,3,416
https://www.samsung.com/us/smartphones/,403,4,407
https://www.samsung.com/us/,400,5,405
https://www.samsung.com/in/smartphones/#:~:text=Looking ,256,0,256
https://www.samsung.com/in/smartphones/all-smartphones/#:~:text=Explore,239,0,239
https://www.verizon.com/smartphones/samsung/,212,0,212
https://semiconductor.samsung.com/processor/showcase/smartphone/,189,1,190
https://www.samsung.com/levant/smartphones/all-smartphones/,184,1,185
https://www.t-mobile.com/offers/samsung-phone-deals,162,0,162
https://www.googlenestcommunity.com/t5/Cameras-and-Doorbells/Nest-doorbell-and-cam-whit-Samsung-smartphone/td-p/94985,161,1,162
https://www.cnet.com/tech/mobile/best-samsung-galaxy-phone/,155,1,156
https://images.search.yahoo.com/search/images?p=Samsung+smartphone,139,0,139
https://meta.stackoverflow.com/questions/401413/how-can-i-type-backticks-on-my-samsung-smartphone-which-are-needed-for-inline-c,123,1,124
https://www.samsung.com/us/mobile/phones/all-phones/,91,3,94
https://www.reddit.com/r/SamsungDex/comments/ke63xo/moving_mouse_between_samsung_smartphone_and/,83,1,84
https://insights.samsung.com/2023/02/09/8-tips-for-maximizing-your-smartphones-battery-life-3/,77,1,78
https://eu.community.samsung.com/t5/other-galaxy-s-series/samsung-smartphone-with-asha-technology/td-p/3038370,60,1,61
https://news.samsung.com/us/samsung-galaxy-s21-ultra-unpacked-2021-ultimate-smartphone-experience-designed-epic/,59,1,60
https://community.spiceworks.com/t/any-way-to-reset-unlock-a-terminated-employees-company-samsung-smartphone/778454,25,1,26
https://www.sciencedirect.com/science/article/pii/S1877042816300696,12,0,12
https://www.samsung.com/global/ir/,0,8,8
https://account.samsung.com/membership/contents/profile/profile-gate,0,7,7
http://csr.samsung.com/en/main.do,0,6,6
https://www.samsung.com/us/trade-in/terms-and-conditions/,0,5,5
https://www.samsung.com/us/common/legal.html,0,5,5
https://www.samsung.com/us/tablets/,0,4,4
https://www.samsung.com/us/smartthings/,0,4,4
https://www.samsung.com/us/sustainability/sustainable-supply-chain/,0,4,4
https://us.community.samsung.com/t5/Samsung-Community/ct-p/us,0,4,4
https://samsung.attn.tv/p/Vbx/landing-page,0,4,4
https://www.samsung.com/us/monitors/,0,4,4
https://www.samsung.com/us/accessibility/,0,4,4
https://www.samsung.com/us/accessories/,0,4,4
https://www.facebook.com/SamsungUS,0,4,4
https://www.samsung.com/us/support/register/,0,4,4
https://www.samsung.com/us/samsung-experience-store/,0,4,4
https://www.samsung.com/us/web/my-orders/,0,4,4
https://www.samsung.com/us/about-us/leadership-and-mission/,0,4,4
https://www.samsung.com/us/about-us/labor-and-human-rights/,0,4,4
https://www.samsung.com/us/web/account/my-referrals/,0,4,4
https://www.samsung.com/us/privacy-policy/washington-privacy-notice/,0,4,4
https://www.samsung.com/us/sustainability/,0,4,4
https://www.samsung.com/us/support/,0,4,4
https://www.samsung.com/us/shop/discount-program/workplace/,0,4,4
https://www.samsung.com/us/shop/discount-program/first-responders/,0,4,4
https://www.samsung.com/us/privacy/,0,4,4
https://www.samsung.com/us/support/order-help/,0,4,4
https://www.samsung.com/us/shop/discount-program/government/,0,4,4
https://www.samsung.com/us/careers/,0,4,4
https://www.samsung.com/us/emailsignup/,0,4,4
https://www.samsung.com/us/computing/laptops/all-laptops/,0,4,4
https://www.samsung.com/us/memory-storage/,0,4,4
https://www.samsung.com/us/about-us/diversity-and-inclusion/,0,4,4
https://www.samsung.com/us/shop/all-deals/small-business-deals/,0,4,4
https://www.samsung.com/us/rewards/,0,4,4
https://www.youtube.com/samsungus,0,4,4
https://www.samsung.com/us/common/sitemap.html,0,4,4
https://www.samsung.com/us/peaceofmind/,0,4,4
https://www.samsung.com/us/shop/discount-program/military/,0,4,4
https://www.samsung.com/us/referral/,0,4,4
https://www.samsung.com/us/home-appliances/,0,4,4
https://www.samsung.com/us/about-us/ethics/,0,4,4
https://www.samsung.com/us/support/contact/,0,4,4
https://news.samsung.com/us/,0,4,4
https://www.samsung.com/us/shop/all-deals/,0,4,4
https://www.samsung.com/us/apps/,0,4,4
https://www.samsung.com/us/web/search-orders/,0,4,4
https://www.samsung.com/us/web/express/cart/,0,4,4
https://twitter.com/SamsungUS,0,4,4
https://www.samsung.com/us/shop/discount-program/education/,0,4,4
https://www.samsung.com/us/samsung-account-benefits/,0,4,4
https://www.samsung.com/us/smartphones/galaxy-z-fold6/buy/,0,4,4
https://www.samsung.com/us/about-us/brand-identity/,0,4,4
https://www.samsung.com/us/sustainability/environment/,0,4,4
https://www.samsung.com/us/watches/,0,4,4
https://www.samsung.com/us/business/account/login/,0,4,4
https://www.samsung.com/us/web/account/my-rewards/,0,4,4
https://www.samsung.com/us/support/account/products/,0,4,4
https://www.samsung.com/us/tvs/,0,4,4
https://www.samsung.com/us/support/account/,0,4,4
https://www.instagram.com/samsungmobileusa/,0,4,4
https://www.samsung.com/us/about-us/our-business/,0,4,4
https://www.samsung.com/us/sustainability/security-and-privacy/,0,4,4
https://www.samsung.com/us/mobile-audio/,0,4,4
https://survey3.medallia.com/?web&c=1&lng=en,0,4,4
https://www.samsung.com/us/explore/certified-re-newed-phones/,0,4,4
https://www.samsung.com/us/about-us/digital-responsibility/,0,4,4
https://www.samsung.com/us/support/service/,0,4,4
https://design.samsung.com/global/index.html,0,4,4
https://www.samsung.com/us/televisions-home-theater/tvs/32-inch-tvs/,0,3,3
https://www.samsung.com/us/smartthings/do-the-smartthings/,0,3,3
https://www.samsung.com/us/mobile/mobile-accessories/all-mobile-accessories/,0,3,3
https://www.samsung.com/us/business/displays/standalone/,0,3,3
https://www.samsung.com/us/computing/monitors/uhd-and-wqhd/,0,3,3
https://www.samsung.com/us/business/shop/all-deals/volume-pricing/,0,3,3
https://www.samsung.com/us/displays/direct-view-led/ia-series/the-wall-all-in-one-146-p84-lh008iabmus-go/,0,3,3
https://www.samsung.com/us/business/display-solutions/samsung-vxt/,0,3,3
https://www.samsung.com/us/business/solutions/digital-signage-solutions/vxt-cms/,0,3,3
https://www.samsung.com/us/computing/windows-11/,0,3,3
https://www.samsung.com/us/tvs/smart-tv/highlights/,0,3,3
https://www.samsung.com/global/galaxybooks-downloadcenter/?siteCode=us,0,3,3
https://www.samsung.com/us/business/mobile/phones/,0,3,3
https://www.samsung.com/us/televisions-home-theater/tvs/all-tvs/?offers=Bundles,0,3,3
https://www.samsung.com/us/explore/care/,0,3,3
https://www.samsung.com/us/televisions-home-theater/tvs/8k-tvs/,0,3,3
https://www.samsung.com/us/explore/sustainability/energy-efficient/,0,3,3
https://www.samsung.com/us/televisions-home-theater/tvs/98-inch-tvs/,0,3,3
https://www.samsung.com/us/business/support/,0,3,3
https://www.samsung.com/us/shop/offer-program/first-responders/,0,3,3
https://www.samsung.com/us/computing/galaxy-books/all-galaxy-books/?screen_size=13.0%22+-+14.9%22/,0,3,3
https://www.samsung.com/us/televisions-home-theater/home-theater/all-home-theater/?series=All-in-One+Soundbars,0,3,3
https://www.samsung.com/us/business/mobile/tablets/,0,3,3
https://www.samsung.com/us/home-appliances/smartthings/,0,3,3
https://www.samsung.com/us/memory-storage/solid-state-drives/gaming-ssd/,0,3,3
https://www.samsung.com/us/tvs/micro-led/highlights/,0,3,3
https://www.samsung.com/us/galaxy-ai/,0,3,3
https://www.samsung.com/us/business/tvs/hospitality/,0,3,3
https://www.samsung.com/us/apps/smartthings/,0,3,3
https://www.samsung.com/us/explore/837/,0,3,3
https://www.samsung.com/us/featured/parents-zone-tech-for-kids/,0,3,3
https://www.samsunghvac.com/commercial-solutions?utm_source=Samsung.com&utm_medium=parent_co_website&utm_campaign=b2b&utm_term=CommercialSolutions,0,3,3
https://www.samsung.com/us/support/service/locations/,0,3,3
https://www.samsung.com/us/refrigerators/,0,3,3
https://www.samsung.com/us/home-appliances/bespoke/refrigerators/,0,3,3
https://www.samsung.com/us/computing/chromebooks/chromebook-plus/,0,3,3
https://www.samsung.com/us/televisions-home-theater/tvs/55-inch-tvs/,0,3,3
https://www.samsung.com/us/shop/offer-program/government/,0,3,3
https://www.samsung.com/us/business/solutions/samsung-knox/,0,3,3
https://www.samsung.com/us/home-appliances/built-in/,0,3,3
https://www.samsung.com/us/business/solutions/industries/corporate/displays/,0,3,3
https://www.samsung.com/us/business/displays/led-signage/outdoor/,0,3,3
https://www.samsung.com/us/tvs/the-terrace/highlights/,0,3,3
https://www.samsung.com/us/home-appliances/home-appliances-accessories/all-home-appliances-accessories/?key_features=Bespoke+Panels,0,3,3
https://www.samsung.com/us/gift-ideas/,0,3,3
https://www.samsung.com/us/shop/offer-program/military/,0,3,3
https://www.samsung.com/us/support/find-mobile-care/,0,3,3
https://www.samsung.com/us/business/shop/trade-in/,0,3,3
https://www.samsung.com/us/shop/offer-program/workplace/,0,3,3
https://www.samsung.com/us/home-appliances/vacuums/all-vacuums/,0,3,3
https://www.samsung.com/us/computing/galaxy-books/galaxy-book4-pro-360/,0,3,3
https://www.samsung.com/us/tablets/galaxy-tab-s9-fe/,0,3,3
https://www.samsung.com/us/explore/brand/galaxy-collaborations/,0,3,3
https://www.samsung.com/us/business/displays/direct-view-led/,0,3,3
https://www.samsung.com/us/televisions-home-theater/home-theater/all-home-theater/,0,3,3
https://www.samsung.com/us/watches/galaxy-watch-ultra/,0,3,3
https://www.samsung.com/us/memory-storage/magician-software/,0,3,3
https://www.samsung.com/us/explore/sustainability/sustainable-materials/,0,3,3
https://www.samsung.com/us/support/range-knob-kit/,0,3,3
https://www.samsunghvac.com/whole-home-system?utm_source=Samsung.com&utm_medium=parent_co_website&utm_campaign=b2c&utm_term=wholeHomeAC,0,3,3
https://www.samsung.com/us/shop/outlet/,0,3,3
https://www.samsung.com/us/mobile/mobile-accessories/smartwatches/,0,3,3
https://www.samsung.com/us/business/mobile/tablets/galaxy-tab-s9/,0,3,3
https://www.samsung.com/us/shop/all-deals/cell-phone-deals/?familyId=ALL&popId=AD_Phones_ATT,0,3,3
https://www.samsung.com/us/rewards/vip-advantage/,0,3,3
https://www.samsung.com/us/computing/monitors/gaming/,0,3,3
https://www.samsung.com/us/explore/brand/,0,3,3
https://www.samsung.com/us/computing/memory-storage/all-memory-storage/,0,3,3
https://www.samsung.com/us/support/eco-conscious-service/,0,3,3
https://www.samsung.com/us/business/shop/all-deals/cell-phone-deals/,0,3,3
https://www.samsung.com/us/home-appliances/home-appliances-accessories/all-home-appliances-accessories/,0,3,3
https://www.samsung.com/us/business/displays/lcd-videowalls/,0,3,3
https://www.samsung.com/us/business/shop/all-deals/displays-tvs-deals/,0,3,3
https://www.samsung.com/us/computing/memory-storage/usb-flash-drives/,0,3,3
https://www.samsunghvac.com/?utm_source=Samsung.com&utm_medium=parent_co_website&utm_campaign=b2b&utm_term=discoverHVAC,0,3,3
https://www.samsung.com/us/business/displays/qled/,0,3,3
https://www.samsung.com/us/support/find-tv-and-appliance-care/,0,3,3
https://www.samsung.com/us/explore/sustainability/renewable-energy/,0,3,3
https://www.samsung.com/us/business/shop/tax-exemption/,0,3,3
https://www.samsung.com/us/smartphones/certified-re-newed-phones/,0,3,3
https://www.samsung.com/us/ranges/,0,3,3
https://www.samsung.com/us/mobile/mobile-accessories/phones/,0,3,3
https://www.samsung.com/us/business/displays/4k-uhd/,0,3,3
https://www.samsung.com/us/shop/all-deals/bundle-deals/,0,3,3
https://www.samsung.com/us/youmake/,0,3,3
https://www.samsung.com/us/business/shop/buy-direct/?phase=signup,0,3,3
https://www.samsung.com/us/televisions-home-theater/tvs/65-inch-tvs/,0,3,3
https://www.samsung.com/us/televisions-home-theater/home-theater/sound-tower/,0,3,3
https://www.samsung.com/us/televisions-home-theater/television-home-theater-accessories/all-television-home-theater-accessories/?accessory_type=Wall+Mounts,0,3,3
https://www.samsung.com/us/televisions-home-theater/home-theater/all-home-theater/?series=Q-Series+Premium+Soundbars,0,3,3
https://www.samsung.com/us/function/ipredirection/ipredirectionLocalList/,0,3,3
https://www.samsung.com/us/business/shop/all-deals/tablets-laptops-computers-deals/,0,3,3
https://www.samsung.com/us/business/shop/all-deals/rugged-smartphones-and-tablets/,0,3,3
https://www.samsung.com/us/business/displays/outdoor-and-window/,0,3,3
https://www.samsung.com/us/smart-switch/,0,3,3
https://www.samsung.com/us/televisions-home-theater/television-home-theater-accessories/audio-accessories/,0,3,3
https://www.samsung.com/us/home-appliances/washers/all-washers/?shop=Washer+%26+Dryer+Sets,0,3,3
https://www.samsung.com/us/shop/all-deals/memory-monitor-storage-deals/,0,3,3
https://www.samsung.com/us/shop/all-deals/home-appliance-and-smart-home-sales/,0,3,3
https://www.samsung.com/us/televisions-home-theater/tvs/all-tvs/?technology=The+Premiere,0,3,3
https://www.samsung.com/us/range-hoods/,0,3,3
https://www.samsung.com/us/explore/entertainment/,0,3,3
https://www.samsung.com/us/televisions-home-theater/tvs/4k-tvs/,0,3,3
https://www.samsung.com/us/mobile-audio/galaxy-buds3-pro/,0,3,3
https://www.samsung.com/us/tvs/gaming-tv/,0,3,3
https://www.samsung.com/us/business/solutions/industries/live-events-sports/displays/,0,3,3
https://www.samsung.com/us/business/mobile/phones/galaxy-s24/,0,3,3
https://www.samsung.com/us/explore/family-hub-refrigerator/overview/,0,3,3
https://www.samsung.com/us/business/displays/smart-signage/,0,3,3
https://www.samsung.com/us/explore/,0,3,3
https://www.samsung.com/us/computing/monitors/odyssey/,0,3,3
https://www.samsung.com/us/apps/shop-samsung-app/,0,3,3
https://www.samsung.com/us/smartphones/galaxy-s24-ultra/buy/,0,3,3
https://www.samsung.com/us/home-appliances/build-your-bundle/,0,3,3
https://www.samsung.com/us/business/mobile/rugged/,0,3,3
https://www.samsung.com/us/home-appliances/bespoke/laundry/,0,3,3
https://www.samsung.com/us/shop/all-deals/watches-audio-accessories-deals/,0,3,3
https://www.samsung.com/us/business/displays/,0,3,3
https://www.samsung.com/us/computing/galaxy-books/galaxy-book4-series/,0,3,3
https://www.samsung.com/us/tvs/supersize-tv/,0,3,3
http://design.samsung.com/global/index.html,0,3,3
https://www.samsung.com/us/home-theater/soundbars/,0,3,3
https://www.samsung.com/us/tablets/galaxy-tab-s9/,0,3,3
https://www.samsung.com/us/explore/brand/beyond-just-repair-its-anywhere-care/,0,3,3
https://www.samsung.com/us/home-appliances/bespoke/kitchen/,0,3,3
https://www.samsung.com/us/smartphones/galaxy-z-fold6/,0,3,3
https://www.samsung.com/us/discover-samsung-event/,0,3,3
https://www.samsung.com/us/mobile/mobile-accessories/tablets/,0,3,3
https://www.samsung.com/us/home-appliances/rebate-center/,0,3,3
https://www.samsung.com/us/computing/galaxy-books/all-galaxy-books/,0,3,3
https://www.samsung.com/us/home-appliances/bespoke/design-studio/,0,3,3
https://www.samsung.com/us/support/smartthings-setup/,0,3,3
https://www.samsung.com/us/support/register-product/,0,3,3
https://www.samsung.com/us/tablets/galaxy-tab-a9-plus/kids-edition/,0,3,3
https://www.samsung.com/us/support/warranty/,0,3,3
https://www.samsung.com/us/televisions-home-theater/home-theater/all-home-theater/?series=Ultra+Slim+Soundbars,0,3,3
https://www.samsung.com/us/computing/galaxy-books/galaxy-book4-edge/,0,3,3
https://www.samsung.com/us/tvs/oled-tvs/,0,3,3
https://www.samsung.com/us/home-appliances/vacuums/jet-bot-robot/,0,3,3
https://www.samsung.com/us/shop/1/,0,3,3
https://www.samsung.com/us/explore/life-hacks/,0,3,3
https://www.samsunghvac.com/locator?utm_source=Samsung.com&utm_medium=parent_co_website&utm_campaign=b2b&utm_term=findHVACDealer,0,3,3
https://www.samsung.com/us/televisions-home-theater/television-home-theater-accessories/all-television-home-theater-accessories/?accessory_type=Stand,0,3,3
https://www.samsung.com/us/shop/all-deals/tv-and-home-theater-deals/,0,3,3
https://www.samsung.com/us/business/displays/commercial-tvs/,0,3,3
https://www.youtube.com/samsungcare/,0,3,3
https://www.samsung.com/us/computing/memory-storage/portable-solid-state-drives/,0,3,3
https://www.samsung.com/us/business/home-appliances/,0,3,3
https://www.samsung.com/us/explore/brand/galaxy-creator-collective/,0,3,3
https://www.samsung.com/us/home-theater/music-frame/,0,3,3
https://www.samsung.com/us/mobile-audio/galaxy-buds3/,0,3,3
https://www.samsung.com/us/televisions-home-theater/tvs/all-tvs/?shop=Online+Exclusives,0,3,3
https://www.samsung.com/us/business/computing/,0,3,3
https://www.samsung.com/us/tvs/qled-tv/highlights/,0,3,3
https://www.samsung.com/us/displays/pro-tv/bh-series/65-bht-series-qled-4k-uhd-hdr-pro-tv-terrace-edition-lh65bhtelgfxgo/,0,3,3
https://www.samsung.com/us/support/account/benefits/,0,3,3
https://www.samsung.com/us/dryers/,0,3,3
https://trygalaxy.com/,0,3,3
https://www.samsung.com/us/ai-products/,0,3,3
https://www.samsung.com/us/live/,0,3,3
https://www.samsung.com/us/mobile/tablets/all-tablets/,0,3,3
https://www.samsung.com/us/computing/galaxy-books/galaxy-book5-pro-360/,0,3,3
https://www.samsung.com/us/featured/new-releases/,0,3,3
https://www.samsung.com/us/rings/galaxy-ring/,0,3,3
https://www.samsung.com/us/mobile/mobile-accessories/all-mobile-accessories/?accessories_type=SmartThings,0,3,3
https://www.samsung.com/us/cooktops/,0,3,3
https://www.samsung.com/us/business/mobile/wearables/galaxy-watch6-classic/,0,3,3
https://www.samsung.com/us/home-appliances/home-appliances-accessories/all-home-appliances-accessories/?category_names=Range+Accessories,0,3,3
"https://www.samsung.com/us/televisions-home-theater/tvs/all-tvs/?technology=The+Premiere,Portable+Projector",0,3,3
https://www.samsung.com/us/tvs/8k-tv/,0,3,3
https://www.samsung.com/us/televisions-home-theater/tvs/75-inch-tvs/,0,3,3
https://www.samsung.com/us/computing/galaxy-books/all-galaxy-books/?screen_size=15.0%22+-+16.0%22/,0,3,3
https://www.samsung.com/us/shop/all-deals/cell-phone-deals/?familyId=ALL&popId=AD_Phones_TMO,0,3,3
https://www.samsung.com/us/business/displays/led-signage/indoor/,0,3,3
https://www.samsung.com/us/televisions-home-theater/home-theater/all-home-theater/?series=Soundbars+with+Subwoofer,0,3,3
https://www.samsung.com/us/business/displays/commercial-tvs/be-series/55-bed-h-series-4k-business-pro-tv-lh55bedhlgfxgo/,0,3,3
https://www.samsung.com/us/tvs/the-frame/highlights/,0,3,3
https://www.samsung.com/us/wall-ovens/,0,3,3
https://www.samsung.com/us/computing/monitors/oled-monitor/,0,3,3
https://www.samsung.com/us/accessories/harman/jbl/,0,3,3
https://www.dacor.com/us/home/,0,3,3
https://www.samsung.com/us/business/solutions/services/mobility-software/,0,3,3
https://www.samsung.com/us/business/solutions/industries/retail/displays/,0,3,3
https://www.samsung.com/us/payments/,0,3,3
https://www.samsung.com/us/business/displays/accessories/,0,3,3
https://www.samsung.com/us/support/samsung-care-plus/home-appliances-and-electronics/,0,3,3
https://www.samsung.com/us/support/samsung-care-plus/,0,3,3
https://www.samsung.com/us/business/solutions/industries/quick-service-restaurant/displays/,0,3,3
https://www.samsung.com/us/explore/brand/meet-your-team-galaxy/,0,3,3
https://www.samsung.com/us/televisions-home-theater/tvs/lifestyle-tvs/,0,3,3
https://www.samsung.com/us/computing/monitors/smart-monitors/,0,3,3
https://www.samsung.com/us/smartphones/galaxy-s24-fe/,0,3,3
https://www.samsunghvac.com/single-room-system?utm_source=Samsung.com&utm_medium=parent_co_website&utm_campaign=b2c&utm_term=singleRoomAC,0,3,3
https://www.samsung.com/us/computing/memory-storage/solid-state-drives/,0,3,3
https://www.samsung.com/us/business/solutions/industries/education/,0,3,3
https://www.samsung.com/us/support/?chat=auto,0,3,3
https://www.samsung.com/us/business/shop/all-deals/appliance-deals/,0,3,3
https://www.samsung.com/us/explore/care/ai-puts-you-in-the-repair-driver-seat/,0,3,3
https://www.samsung.com/us/explore/photography/,0,3,3
https://www.samsung.com/us/televisions-home-theater/tvs/85-inch-tvs/,0,3,3
https://www.samsung.com/us/tvs/tv-buying-guide/what-size-tv-should-i-get/,0,3,3
https://www.samsung.com/us/computing/galaxy-books/galaxy-book4-360/,0,3,3
https://www.samsung.com/us/explore/food-home/,0,3,3
https://www.samsung.com/us/business/mobile/,0,3,3
https://www.samsung.com/us/business/solutions/digital-signage-solutions/magicinfo/,0,3,3
https://www.samsung.com/us/business/shop/all-deals/memory-storage-deals/,0,3,3
https://www.samsung.com/us/aboutsamsung/sustainability/environment/responsible-recycling/programs/,0,3,3
https://www.samsung.com/us/tvs/tv-buying-guide/,0,3,3
https://www.samsung.com/us/home-appliances/vacuums/all-vacuums/?type=Jet+Stick,0,3,3
https://www.samsung.com/us/dishwashers/,0,3,3
https://www.samsung.com/us/tvs/the-freestyle/,0,3,3
https://www.samsung.com/us/computing/galaxy-books/galaxy-book4-pro/,0,3,3
https://www.samsung.com/us/vacuums/,0,3,3
https://www.samsung.com/us/microwaves/,0,3,3
https://www.samsung.com/us/business/shop/financing/,0,3,3
https://www.samsung.com/us/business/mobile/certified-re-newed/,0,3,3
https://www.samsung.com/us/mobile-accessories/,0,3,3
https://v3.account.samsung.com/dashboard/,0,3,3
https://www.samsung.com/us/displays/interactive/wm-series/samsung-interactive-pro-75-lh75wmbwlgcxza/,0,3,3
https://www.samsung.com/us/home-theater/music-frame/music-frame-wicked-pre-registration/,0,3,3
https://www.samsung.com/us/televisions-home-theater/tvs/all-tvs/,0,3,3
https://www.samsung.com/us/business/computing/memory-storage/,0,3,3
https://www.samsung.com/us/televisions-home-theater/television-home-theater-accessories/all-television-home-theater-accessories/?accessory_type=Customizable+Frame+Bezels,0,3,3
https://www.samsung.com/us/computing/galaxy-books/galaxy-book4-ultra/,0,3,3
https://www.samsung.com/us/business/shop/all-deals/,0,3,3
https://www.samsung.com/us/business/displays/interactive/,0,3,3
https://www.samsung.com/us/tablets/galaxy-tab-a9-plus/,0,3,3
https://www.samsung.com/us/home-appliances/vacuums/all-vacuums/?key_features=BESPOKE,0,3,3
https://www.samsung.com/global/sustainability/main/,0,3,3
https://www.samsung.com/us/support/downloads/,0,3,3
https://www.samsung.com/us/support/samsung-care/,0,3,3
https://www.samsung.com/us/support/self-repair/,0,3,3
https://www.samsung.com/us/home-appliances/home-appliances-accessories/all-home-appliances-accessories/?category_names=Vacuums,0,3,3
https://www.samsung.com/us/support/switch-to-galaxy/android/,0,3,3
https://www.samsung.com/us/smartphones/galaxy-s24-fe/buy/,0,3,3
https://www.samsung.com/us/business/solutions/industries/hospitality/samsung-lynk--reach/,0,3,3
https://www.samsung.com/us/collections/work-from-home/,0,3,3
https://www.samsung.com/us/business/computing/chromebooks/,0,3,3
https://www.samsung.com/us/business/shop/all-deals/monitor-deals/,0,3,3
https://www.samsung.com/us/home-appliances/inflation-reduction-act/,0,3,3
https://www.samsung.com/us/smartphones/galaxy-z-flip6/buy/,0,3,3
https://www.samsung.com/us/washers/,0,3,3
https://www.samsung.com/us/televisions-home-theater/tvs/43-inch-tvs/,0,3,3
https://www.samsung.com/us/tvs/crystal-uhd-tvs/,0,3,3
https://www.samsung.com/us/business/,0,3,3
https://www.samsung.com/us/featured/game-day-essentials/,0,3,3
https://www.samsung.com/us/promotions/,0,3,3
https://www.samsung.com/us/shop/offer-program/,0,3,3
https://www.samsung.com/us/home-appliances/washers/all-in-one-washer-dryer-combo/bespoke-5-3-cu-ft-all-in-one-ai-laundry-combo-ultra-capacity-washer-with-super-speed-and-ventless-heat-pump-dryer-in-dark-steel-wd53dba900hza1/,0,3,3
https://www.samsung.com/us/computing/galaxy-books/galaxy-book4/,0,3,3
https://www.samsung.com/us/explore/mobile/buying-guide/,0,3,3
https://www.samsung.com/us/home-appliances/samsung-food/,0,3,3
https://www.samsung.com/us/home-appliances/laundry/,0,3,3
https://www.samsung.com/us/smartphones/galaxy-z-flip6/,0,3,3
https://www.samsung.com/us/explore/wellbeing/,0,3,3
https://www.samsung.com/us/trade-in/,0,3,3
https://www.samsung.com/us/home-appliances/home-appliances-accessories/all-home-appliances-accessories/?offers=Subscribe+%26+Save,0,3,3
https://www.samsung.com/us/shop/all-deals/cell-phone-deals/,0,3,3
https://www.samsung.com/us/business/custominstall/,0,3,3
https://www.samsung.com/us/explore/how-to/,0,3,3
https://www.samsung.com/us/mobile/switch-to-galaxy/,0,3,3
https://www.samsung.com/us/explore/sustainability/responsible-recycling/,0,3,3
https://www.samsung.com/us/business/shop/frequently-asked-questions/,0,3,3
https://www.samsung.com/us/computing/memory-storage/memory-cards/,0,3,3
https://www.samsung.com/us/mobile/mobile-accessories/all-mobile-accessories/?category_names=Buds,0,3,3
https://www.samsung.com/us/business/solutions/services/samsung-care-plus-for-business/,0,3,3
https://www.samsung.com/us/business/builder/,0,3,3
https://www.samsung.com/us/tvs/neoqled-tv/,0,3,3
https://www.samsung.com/us/business/computing/galaxy-books/,0,3,3
https://www.samsung.com/us/support/simulators/,0,3,3
https://www.samsung.com/us/shop/offer-program/education/,0,3,3
https://www.samsung.com/us/business/tvs/healthcare/,0,3,3
https://www.samsung.com/us/explore/tag.explore&tag&Gaming/,0,3,3
https://www.samsung.com/us/computing/computing-accessories/all-computing-accessories/?category_names=Computers,0,3,3
https://www.samsung.com/us/shop/all-deals/cell-phone-deals/?familyId=ALL&popId=AD_Phones_Verizon,0,3,3
https://www.samsung.com/us/shop/access/,0,3,3
https://www.samsung.com/us/home-appliances/buying-guide/,0,3,3
https://www.samsung.com/us/computing/monitors/all-monitors/,0,3,3
https://www.samsung.com/us/business/computing/monitors/,0,3,3
https://www.samsung.com/us/tablets/galaxy-tab-s10/,0,3,3
https://www.samsung.com/us/mobile/why-galaxy/,0,3,3
https://www.samsung.com/us/explore/sustainability/,0,3,3
https://www.samsung.com/us/shop/all-deals/tablets-laptops-computers-deals/,0,3,3
https://www.samsung.com/us/business/solutions/industries/hospitality/,0,3,3
https://www.samsung.com/us/televisions-home-theater/television-home-theater-accessories/all-television-home-theater-accessories/?category_names=Televisions,0,3,3
https://www.samsung.com/us/home-appliances/home-appliances-accessories/all-home-appliances-accessories/?category_names=Washers+%26+Dryers,0,3,3
https://www.samsung.com/us/home-appliances/bespoke/,0,3,3
https://www.samsung.com/us/customized-products/,0,3,3
https://www.samsung.com/us/galaxybooks/,0,3,3
https://www.samsung.com/us/business/mobile/wearables/galaxy-watch6/,0,3,3
https://www.samsung.com/us/explore/brand/prolong-your-tech-and-our-planet-with-repair/,0,3,3
https://www.samsung.com/us/game-portal/,0,3,3
https://www.samsung.com/us/smartphones/galaxy-s24-ultra/,0,3,3
https://www.samsung.com/us/televisions-home-theater/home-theater/soundbars/soundbars-quiz/,0,3,3
https://www.samsung.com/us/business/shop/all-deals/watches-audio-accessories-deals/,0,3,3
https://play.google.com/store/apps/details?id=com.samsung.ecomm,0,3,3
https://www.samsung.com/global/sustainability/,0,3,3
https://www.samsung.com/us/mobile/phones/galaxy-a/,0,2,2
https://www.samsung.com/us/smartphones/galaxy-z-fold6/#design,0,2,2
https://www.samsung.com/us/smartphones/galaxy-z-flip6/#design,0,2,2
https://www.samsung.com/us/mobile/phones/unlocked-by-samsung/,0,2,2
https://www.samsung.com/us/smartphones/galaxy-z-fold6/#durability,0,2,2
https://www.samsung.com/us/smartphones/galaxy-z-flip6/#flexcam,0,2,2
https://www.samsung.com/us/mobile/phones/galaxy-s/,0,2,2
https://www.samsung.com/us/mobile/phones/galaxy-z/,0,2,2
https://www.samsung.com/us/watches/galaxy-watch7/,0,2,2
https://www.samsung.com/us/smartphones/galaxy-z-fold6/#performance,0,2,2
https://www.samsung.com/us/apps/smart-switch/,0,2,2
https://www.samsung.com/us/smartphones/galaxy-z-fold6/buy/galaxy-z-fold6-512gb-unlocked-sm-f956uzsexaa/,0,2,2
https://www.samsung.com/us/tablets/galaxy-tab-s10/buy/,0,2,2
https://www.samsung.com/us/smartphones/galaxy-z-flip6/buy/galaxy-z-flip6-512gb-unlocked-sm-f741uakexaa/,0,2,2
https://www.instagram.com/samsungindia/,0,2,2
https://www.samsung.com/in/about-us/company-info/,0,2,2
https://www.samsung.com/in/air-conditioners/,0,2,2
https://www.samsung.com/in/air-conditioners/all-air-conditioners/,0,2,2
https://www.samsung.com/in/info/sitemap/,0,2,2
https://www.samsung.com/in/air-conditioners/all-air-conditioners/?convertible-5in1,0,2,2
https://www.samsung.com/in/memory-storage/memory-card/,0,2,2
https://www.samsung.com/in/business/system-air-conditioners/chiller/,0,2,2
https://www.samsung.com/in/home-appliances/buying-guide/refrigerators/,0,2,2
https://www.samsung.com/in/lifestyle-tvs/the-frame/,0,2,2
https://www.samsung.com/in/microsite/student-advantage/,0,2,2
https://www.samsung.com/in/computers/all-computers/,0,2,2
https://www.samsung.com/in/support/contact/#contactinfo,0,2,2
https://www.samsung.com/in/apps/samsung-wallet/,0,2,2
https://www.samsung.com/in/galaxy-book/galaxy-book4-series/,0,2,2
https://www.samsung.com/in/tvs/uhd-4k-tv/,0,2,2
https://www.samsung.com/in/sustainability/accessibility/overview/,0,2,2
https://www.samsung.com/in/explore/,0,2,2
https://www.samsung.com/in/storelocator/,0,2,2
https://www.samsung.com/in/washers-and-dryers/all-washers-and-dryers/,0,2,2
https://www.samsung.com/in/computers/all-computers/?13-149,0,2,2
https://www.samsung.com/in/smartphones/galaxy-s24-ultra/,0,2,2
https://www.samsung.com/in/support/user-manuals-and-guide/,0,2,2
https://www.samsung.com/in/tvs/qled-tv/?neo-qled-8k+neo-qled-4k,0,2,2
https://www.samsung.com/in/smartphones/compare/,0,2,2
https://www.samsung.com/in/washers-and-dryers/washing-machines/?top-loading,0,2,2
https://www.samsung.com/in/info/legal/,0,2,2
https://www.samsung.com/in/mobile/,0,2,2
https://www.samsung.com/in/support/warranty/,0,2,2
https://www.samsung.com/in/audio-sound/,0,2,2
https://www.samsung.com/in/tvs/tv-buying-guide/,0,2,2
https://www.samsung.com/in/refrigerators/all-refrigerators/,0,2,2
https://www.samsung.com/in/shop-faq/,0,2,2
https://samsungdigitalservicecenter.com/DIY-videos,0,2,2
https://www.samsung.com/in/tvs/1m-25cm-50-inch-tvs/,0,2,2
https://www.samsung.com/in/web/mypage/orders/,0,2,2
https://www.samsung.com/in/refrigerators/double-door/,0,2,2
https://www.samsung.com/in/support/spare-part-pricing-list-for-repair/,0,2,2
https://www.samsung.com/in/cooking-appliances/,0,2,2
https://www.samsung.com/in/washers-and-dryers/all-washers-and-dryers/?semi-automatic,0,2,2
https://www.samsung.com/in/air-conditioners/all-air-conditioners/?wi-fi-enabled,0,2,2
https://r2.community.samsung.com/t5/India/ct-p/in?profile.language=en,0,2,2
https://www.samsung.com/in/offer/exchange/,0,2,2
https://www.samsung.com/in/samsung-card/,0,2,2
https://www.samsung.com/in/business/system-air-conditioners/ventilation-erv/,0,2,2
https://www.samsung.com/in/samsung-experience-store/,0,2,2
https://www.samsung.com/in/tvs/qled-tv/highlights/,0,2,2
https://www.samsung.com/in/tvs/2m-16cm-85-inch-tvs/,0,2,2
https://www.samsung.com/in/memory-storage/nvme-ssd/,0,2,2
https://www.samsung.com/in/apps/samsung-health/,0,2,2
https://www.samsung.com/in/audio-devices/sound-tower/,0,2,2
https://www.samsung.com/in/support/email-the-ceo/,0,2,2
https://www.samsung.com/in/tvs/qled-tv/?qled-4k,0,2,2
https://bit.ly/31QN4lI,0,2,2
https://www.samsung.com/in/mypage/,0,2,2
https://www.samsung.com/in/projectors/the-freestyle/lff3c-the-freestyle-2nd-gen-sp-lff3claxxxl/,0,2,2
https://www.samsung.com/in/memory-storage/portable-ssd/,0,2,2
https://www.samsung.com/in/about-us/business-area/,0,2,2
https://www.samsung.com/in/support/contact/,0,2,2
https://www.samsung.com/in/offer/washing-machines/,0,2,2
https://www.samsung.com/in/about-us/brand-identity/,0,2,2
https://www.samsung.com/in/microwave-ovens/all-microwave-ovens/,0,2,2
https://www.samsung.com/in/vacuum-cleaners/robot/vr8500t-white-vr30t85513w-tl/,0,2,2
https://www.samsung.com/in/monitors/curved/,0,2,2
https://www.samsung.com/in/sustainability/environment/,0,2,2
https://www.samsung.com/in/mobile-accessories/,0,2,2
https://www.samsung.com/in/web/search-orders/,0,2,2
https://www.samsung.com/in/smartphones/galaxy-z/,0,2,2
https://www.samsung.com/in/lifestyle-tvs/the-serif/,0,2,2
https://www.samsung.com/in/ai-products/all-ai-products/,0,2,2
https://www.samsung.com/in/offer/mobiles/,0,2,2
https://www.samsung.com/in/audio-sound/galaxy-buds/galaxy-buds3-silver-sm-r530nzaainu/,0,2,2
https://www.samsung.com/in/computers/all-computers/?galaxy-book-360+galaxy-book4,0,2,2
https://www.samsung.com/in/refrigerators/one-door/,0,2,2
https://www.samsung.com/in/memory-storage/,0,2,2
https://twitter.com/samsungindia,0,2,2
https://www.samsung.com/in/home-appliance-accessories/?refrigerator-accessories,0,2,2
https://www.samsung.com/in/function/ipredirection/ipredirectionLocalList/,0,2,2
https://www.samsung.com/in/tvs/2m-47cm-98-inch-tvs/,0,2,2
https://www.samsung.com/in/air-care/air-purifier/,0,2,2
https://www.samsung.com/in/microwave-ovens/all-microwave-ovens/?bespoke,0,2,2
https://www.samsung.com/in/smartphones/galaxy-a/galaxy-a55-5g-awesome-iceblue-256gb-sm-a556elbgins/,0,2,2
https://www.samsung.com/in/tvs/all-tvs/,0,2,2
https://www.samsung.com/in/monitors/flat/,0,2,2
https://www.samsung.com/global/galaxybooks-downloadcenter/?siteCode=in,0,2,2
https://www.samsung.com/in/microsite/care-for-clean-india/,0,2,2
https://www.samsung.com/in/support/newsalert/,0,2,2
https://www.samsung.com/in/smartphones/galaxy-m/,0,2,2
https://www.linkedin.com/company/samsung-india,0,2,2
https://www.samsung.com/in/mypage/myrepair/track-repair/,0,2,2
https://www.samsung.com/in/business/smart-signage/,0,2,2
https://www.samsung.com/in/tvs/full-hd-tv/?full-hd-tv+hd-tv,0,2,2
https://www.samsung.com/in/tvs/all-tvs/?crystal-uhd,0,2,2
https://www.samsung.com/in/tvs/80cm-32-inch-tvs/,0,2,2
https://www.samsung.com/in/offer/laptops-monitors/,0,2,2
https://www.samsung.com/in/web/mypage/wishlist/,0,2,2
https://www.samsung.com/in/mobile/switch-to-galaxy/,0,2,2
https://www.samsung.com/in/business/led-signage/,0,2,2
https://www.samsung.com/in/ai-products/,0,2,2
https://www.samsung.com/in/offer/online/why-buy-from-samsung/,0,2,2
https://www.samsung.com/in/info/csr-policy/,0,2,2
https://www.samsung.com/in/memory-storage/usb-flash-drive/,0,2,2
https://www.samsung.com/in/tvs/all-tvs/?qled-8k,0,2,2
https://www.samsung.com/in/shop-terms-of-use/,0,2,2
https://www.samsung.com/in/business/system-air-conditioners/all-system-air-conditioners/?cassette,0,2,2
https://www.samsung.com/in/tvs/1m-63cm-65-inch-tvs/,0,2,2
https://www.samsung.com/in/washers-and-dryers/washing-machines/?front-loading,0,2,2
https://www.samsung.com/in/mobile-accessories/all-mobile-accessories/?smartphones,0,2,2
https://www.samsung.com/in/store/samsung-bkc/,0,2,2
https://www.samsung.com/in/refrigerators/french-door/,0,2,2
https://www.samsung.com/in/business/displays/,0,2,2
https://www.samsung.com/in/home-appliances/buying-guide/washing-machines/,0,2,2
https://www.samsung.com/in/offer/television-soundbar/,0,2,2
https://www.samsung.com/in/shop-faq/delivery-and-installations/,0,2,2
https://www.samsung.com/in/tvs/smart-tv/highlights/,0,2,2
https://www.samsung.com/in/web/cart/,0,2,2
https://www.samsung.com/in/smartphones/all-smartphones/,0,2,2
https://www.samsung.com/in/tvs/1m-89cm-75-inch-tvs/,0,2,2
https://www.samsung.com/in/samsung-live/,0,2,2
https://www.samsung.com/in/audio-devices/,0,2,2
https://www.samsung.com/in/offer/refrigerators/,0,2,2
https://www.samsung.com/in/computers/all-computers/?%20galaxy-book+galaxy-book4,0,2,2
https://www.samsung.com/in/monitors/all-monitors/,0,2,2
https://survey3.medallia.com/?web&c=33&lng=en,0,2,2
https://www.samsung.com/in/galaxy-book/,0,2,2
https://www.samsung.com/in/computers/galaxy-book/galaxy-book4-ultra-16-inch-ultra-7-16gb-1tb-np960xgl-xg1in/,0,2,2
https://www.samsung.com/in/microwave-ovens/,0,2,2
https://www.facebook.com/SamsungIndia,0,2,2
https://www.samsung.com/in/tvs/why-samsung-tv/,0,2,2
https://www.samsung.com/in/watches/galaxy-watch/galaxy-watch-ultra-titanium-gray-lte-sm-l705fdaains/,0,2,2
https://www.samsung.com/in/smartphones/galaxy-a/,0,2,2
https://www.samsung.com/in/support/,0,2,2
https://www.samsung.com/in/vacuum-cleaners/all-vacuum-cleaners/?jet-stick-vacuums,0,2,2
https://www.samsung.com/in/refrigerators/side-by-side/,0,2,2
https://www.samsung.com/in/air-conditioners/all-air-conditioners/?wind-free,0,2,2
https://www.samsung.com/in/business/system-air-conditioners/controls/,0,2,2
https://samsungdigitalservicecenter.com/?action=webchat,0,2,2
https://www.youtube.com/SamsungMobileIndia,0,2,2
https://www.samsung.com/in/home-appliance-accessories/?air-purifier-accessories/,0,2,2
https://www.samsung.com/in/tvs/1m-08cm-43-inch-tvs/,0,2,2
https://www.samsung.com/in/microsite/defence-purchase-program/,0,2,2
https://www.samsung.com/in/washers-and-dryers/washing-machines/ww8400d-front-loading-smartthings-ai-energy-made-a-xx-percent-extra-energy-efficiency-ai-ecobubble-12kg-navy-ww12db8b54gstl/,0,2,2
https://www.samsung.com/in/mobile/why-galaxy/,0,2,2
https://www.samsung.com/in/tvs/1m-38cm-55-inch-tvs/,0,2,2
https://samsungexperiencezone.com/viewer/62c3cee5d2853fac0872e022?areaId=a_3,0,2,2
https://www.samsung.com/in/store/bulk/,0,2,2
https://www.samsung.com/in/washers-and-dryers/washer-dryer-combo/,0,2,2
https://www.samsung.com/in/monitors/all-monitors/?new-monitors-lineup-2024,0,2,2
https://www.samsung.com/in/computers/windows-11/,0,2,2
https://www.samsung.com/in/monitors/high-resolution/,0,2,2
https://www.samsung.com/in/shop-faq/products-and-orders/how-can-i-report-grievance-concerning-orders-placed-on-samsung-dot-com-website-or-samsung-shop-app/,0,2,2
https://www.samsung.com/in/computers/all-computers/?galaxy-book+galaxy-book4,0,2,2
https://www.samsung.com/in/monitors/,0,2,2
https://www.samsung.com/in/memory-storage/sata-ssd/,0,2,2
https://www.samsung.com/in/home-appliances/bespoke-home/,0,2,2
https://www.samsung.com/in/smartphones/galaxy-s24/,0,2,2
https://www.samsung.com/in/offer/student-discount/,0,2,2
https://www.samsung.com/in/refrigerators/all-refrigerators/?bespoke,0,2,2
https://www.samsung.com/in/monitors/gaming/,0,2,2
https://r2.community.samsung.com/t5/Tips-How-to/bg-p/in-community-blog-cs?page=1&tab=recent_topics,0,2,2
https://www.samsung.com/in/apps/smart-switch/,0,2,2
https://wa.me/91180057267864?text=hi,0,2,2
https://www.samsung.com/in/why-samsung-account/,0,2,2
https://www.samsung.com/in/tvs/gaming-tv/,0,2,2
https://www.samsung.com/in/web/loyalty-home/,0,2,2
https://www.samsung.com/in/offer/online/welcome-voucher/,0,2,2
https://www.samsung.com/in/smartphones/galaxy-s/,0,2,2
https://www.samsung.com/in/multistore/corporate/prelogin/,0,2,2
https://www.samsung.com/in/vacuum-cleaners/all-vacuum-cleaners/?bespoke,0,2,2
https://www.samsung.com/in/smartphones/galaxy-f/,0,2,2
https://www.samsung.com/in/home-appliances/buying-guide/microwaves/,0,2,2
https://www.samsung.com/in/audio-devices/soundbar/,0,2,2
https://www.samsungdigitalservicecenter.com/,0,2,2
https://www.samsung.com/in/audio-devices/music-frame/,0,2,2
https://news.samsung.com/in,0,2,2
https://www.samsung.com/in/tablets/galaxy-tab-s/galaxy-tab-s10-ultra-gray-256gb-sm-x920nzaains/,0,2,2
https://www.samsung.com/in/watches/,0,2,2
https://www.samsung.com/in/monitors/business/,0,2,2
https://www.samsung.com/in/mypage/myproducts/,0,2,2
https://www.samsung.com/in/apps/,0,2,2
https://www.samsung.com/in/support/out-of-warranty-repair-charges/,0,2,2
https://www.samsung.com/in/washers-and-dryers/,0,2,2
https://www.samsung.com/in/smartphones/galaxy-z-fold6/,0,2,2
https://www.samsung.com/in/vacuum-cleaners/all-vacuum-cleaners/,0,2,2
https://www.samsung.com/in/sustainability/diversity-and-inclusion/,0,2,2
https://www.samsung.com/in/tvs/,0,2,2
https://www.samsung.com/in/smartthings/,0,2,2
https://www.samsung.com/in/washers-and-dryers/all-washers-and-dryers/?dryers,0,2,2
https://www.samsung.com/in/search/?searchvalue=Smartphones%20support,0,2,2
https://www.samsung.com/in/business/system-air-conditioners/dvms2/,0,2,2
https://www.samsung.com/in/web/mypage/vouchers/,0,2,2
https://www.samsung.com/in/shop-faq/#contact-info,0,2,2
https://wa.me/91180057267864,0,2,2
https://www.samsung.com/in/web/my-referrals/,0,2,2
https://www.samsung.com/in/audio-devices/all-audio-devices/,0,2,2
https://www.samsung.com/in/refrigerators/,0,2,2
https://www.samsung.com/in/tv-accessories/all-tv-accessories/,0,2,2
https://www.samsung.com/in/memory-storage/all-memory-storage/,0,2,2
https://www.samsung.com/in/computers/all-computers/?galaxy-book+galaxy-book3,0,2,2
https://www.samsung.com/in/support/tv-spare-part-price/,0,2,2
https://www.samsung.com/in/dishwashers/all-dishwashers/,0,2,2
https://www.samsung.com/in/tvs/all-tvs/?oled-tv,0,2,2
https://www.samsung.com/in/tvs/oled-tv/highlights/,0,2,2
https://www.samsung.com/in/about-us/careers/,0,2,2
https://www.samsung.com/in/about-us/ethics/,0,2,2
https://www.samsung.com/in/one-ui/,0,2,2
https://www.samsung.com/in/computers/all-computers/?galaxy-book4,0,2,2
https://www.samsung.com/in/,0,2,2
https://www.samsung.com/in/tvs/8k-tv/highlights/,0,2,2
https://www.samsung.com/in/projectors/all-projectors/?the-premiere,0,2,2
https://www.samsung.com/in/offer/fab-grab-fest/,0,2,2
https://samsungdigitalservicecenter.com/?action=email,0,2,2
https://samsungdigitalservicecenter.com/,0,2,2
https://www.samsung.com/in/info/privacy/,0,2,2
https://r2.community.samsung.com/t5/India/ct-p/in/,0,2,2
https://www.samsung.com/in/galaxy-ai/,0,2,2
https://www.samsung.com/in/offer/samsung-care-plus/,0,2,2
https://www.samsung.com/in/monitors/smart/,0,2,2
https://www.samsung.com/in/offer/online/finance-plus/,0,2,2
https://www.samsung.com/in/business/,0,2,2
https://www.samsung.com/in/projectors/all-projectors/,0,2,2
https://www.samsung.com/in/business/system-air-conditioners/all-system-air-conditioners/,0,2,2
https://www.samsung.com/in/sustainability/security-and-privacy/,0,2,2
https://www.samsung.com/in/computer-accessories/all-computer-accessories/,0,2,2
https://www.samsung.com/in/smartphones/,0,2,2
https://www.samsung.com/in/microsite/shop-referral/,0,2,2
https://www.samsung.com/in/smartphones/galaxy-z-flip6/,0,2,2
https://www.samsung.com/in/computers/all-computers/?150-160,0,2,2
https://www.samsung.com/in/tablets/,0,2,2
https://www.samsung.com/in/accessories/,0,2,2
https://www.samsung.com/in/support/service-center/,0,2,2
https://www.samsung.com/in/microsite/smart-club/,0,2,2
https://www.googlenestcommunity.com/t5/forums/forumtopicprintpage/board-id/Cameras/message-id/22269/print-single-message/true/page/1,0,1,1
https://www.googlenestcommunity.com/t5/Cameras-and-Doorbells/Nest-doorbell-and-cam-whit-Samsung-smartphone/m-p/116385/highlight/true#M22498,0,1,1
https://www.googlenestcommunity.com/t5/user/viewprofilepage/user-id/110447,0,1,1
https://www.googlenestcommunity.com/t5/notifications/notifymoderatorpage/message-uid/115265,0,1,1
https://www.googlenestcommunity.com/t5/notifications/notifymoderatorpage/message-uid/116356,0,1,1
https://www.googlenestcommunity.com/t5/notifications/notifymoderatorpage/message-uid/116476,0,1,1
https://policies.google.com/privacy,0,1,1
https://www.googlenestcommunity.com/t5/Cameras-and-Doorbells/Nest-doorbell-and-cam-whit-Samsung-smartphone/m-p/118332/highlight/true#M22839,0,1,1
https://www.googlenestcommunity.com/t5/Streaming/bd-p/Chromecast,0,1,1
https://support.google.com/communities/answer/7425194?hl=en&ref_topic=7570485,0,1,1
https://support.google.com/googlenest,0,1,1
https://www.googlenestcommunity.com/t5/forums/filteredbylabelpage/board-id/Cameras/label-name/nest%20doorbell%20(battery),0,1,1
https://www.googlenestcommunity.com/t5/Cameras-and-Doorbells/Why-is-my-nest-Doorbell-battery-talk-and-listen-volume-is-very/m-p/24878/emcs_t/S2h8ZW1haWx8ZGlnZXN0X25vdGlmaWNhdGlvbnxLWUE0VVo3VzJTT1dCWXwtMXxPVEhFUlN8aEs#M4620,0,1,1
https://www.googlenestcommunity.com/t5/Smart-Home-Developer-Forum/bd-p/Smart-Home-Developer-Forum,0,1,1
https://www.googlenestcommunity.com/t5/forums/v5/forumtopicpage.kudosbuttonv2.kudoentity:kudoentity/kudosable-gid/116409?t:ac=board-id/Cameras/thread-id/18614&t:cp=kudos/contributions/tapletcontributionspage,0,1,1
https://www.googlenestcommunity.com/t5/user/viewprofilepage/user-id/92342,0,1,1
https://www.googlenestcommunity.com/t5/Security/bd-p/Security,0,1,1
https://www.googlenestcommunity.com/t5/Cameras-and-Doorbells/Nest-doorbell-and-cam-whit-Samsung-smartphone/m-p/116585/highlight/true#M22567,0,1,1
https://www.googlenestcommunity.com/t5/forums/v5/forumtopicpage.kudosbuttonv2.kudoentity:kudoentity/kudosable-gid/96524?t:ac=board-id/Cameras/thread-id/18614&t:cp=kudos/contributions/tapletcontributionspage,0,1,1
https://www.googlenestcommunity.com/t5/forums/v5/forumtopicpage.enableautocomplete:enableautocomplete?t:ac=board-id/Cameras/thread-id/18614&t:cp=action/contributions/searchactions,0,1,1
https://www.googlenestcommunity.com/t5/notifications/notifymoderatorpage/message-uid/95240,0,1,1
https://www.googlenestcommunity.com/t5/forums/forumtopicprintpage/board-id/Cameras/message-id/22567/print-single-message/true/page/1,0,1,1
https://www.googlenestcommunity.com/rss/message?board.id=Cameras&message.id=24198,0,1,1
https://www.googlenestcommunity.com/rss/message?board.id=Cameras&message.id=22269,0,1,1
https://www.googlenestcommunity.com/t5/forums/forumtopicprintpage/board-id/Cameras/message-id/22840/print-single-message/true/page/1,0,1,1
https://www.googlenestcommunity.com/t5/notifications/notifymoderatorpage/message-uid/116385,0,1,1
https://bit.ly/3oEZLg0,0,1,1
https://www.googlenestcommunity.com/t5/Nest-Aware/bd-p/Subscriptions,0,1,1
https://www.googlenestcommunity.com/t5/Cameras-and-Doorbells/Nest-doorbell-and-cam-whit-Samsung-smartphone/m-p/107301/highlight/true#M20654,0,1,1
https://www.googlenestcommunity.com/t5/Cameras-and-Doorbells/Nest-cam-outdoor-factory-reset/td-p/125115,0,1,1
https://www.googlenestcommunity.com/t5/forums/v5/forumtopicpage.kudosbuttonv2.kudoentity:kudoentity/kudosable-gid/107301?t:ac=board-id/Cameras/thread-id/18614&t:cp=kudos/contributions/tapletcontributionspage,0,1,1
https://www.googlenestcommunity.com/t5/kudos/messagepage/board-id/Cameras/message-id/22388/tab/all-users,0,1,1
https://www.instagram.com/madebygoogle/,0,1,1
https://www.googlenestcommunity.com/t5/forums/forumtopicprintpage/board-id/Cameras/message-id/18643/print-single-message/true/page/1,0,1,1
https://www.googlenestcommunity.com/t5/forums/v5/forumtopicpage.kudosbuttonv2.kudoentity:kudoentity/kudosable-gid/115789?t:ac=board-id/Cameras/thread-id/18614&t:cp=kudos/contributions/tapletcontributionspage,0,1,1
https://www.googlenestcommunity.com/t5/forums/forumtopicprintpage/board-id/Cameras/message-id/24198/print-single-message/true/page/1,0,1,1
https://www.googlenestcommunity.com/rss/message?board.id=Cameras&message.id=22483,0,1,1
https://www.googlenestcommunity.com/unqkr23473/plugins/common/feature/oidcss/sso_login_redirect/providerid/default?referer=https%3A%2F%2Fwww.googlenestcommunity.com%2Ft5%2FCameras-and-Doorbells%2FNest-doorbell-and-cam-whit-Samsung-smartphone%2Ftd-p%2F94985,0,1,1
https://www.googlenestcommunity.com/t5/forums/forumtopicprintpage/board-id/Cameras/message-id/22498/print-single-message/true/page/1,0,1,1
https://www.googlenestcommunity.com/t5/Cameras-and-Doorbells/Nest-doorbell-and-cam-whit-Samsung-smartphone/m-p/116476/highlight/true#M22540,0,1,1
https://www.googlenestcommunity.com/t5/notifications/notifymoderatorpage/message-uid/107301,0,1,1
https://www.googlenestcommunity.com/t5/Cameras-and-Doorbells/Nest-doorbell-and-cam-whit-Samsung-smartphone/m-p/115784/highlight/true#M22380,0,1,1
https://www.googlenestcommunity.com/t5/Cameras-and-Doorbells/Nest-doorbell-and-cam-whit-Samsung-smartphone/m-p/125298/highlight/true#M24152,0,1,1
https://www.googlenestcommunity.com/t5/Cameras-and-Doorbells/bd-p/Cameras,0,1,1
https://www.googlenestcommunity.com/t5/forums/forumtopicprintpage/board-id/Cameras/message-id/22485/print-single-message/true/page/1,0,1,1
https://www.googlenestcommunity.com/t5/notifications/notifymoderatorpage/message-uid/113891,0,1,1
https://www.googlenestcommunity.com/t5/forums/v5/forumtopicpage.kudosbuttonv2.kudoentity:kudoentity/kudosable-gid/118332?t:ac=board-id/Cameras/thread-id/18614&t:cp=kudos/contributions/tapletcontributionspage,0,1,1
https://www.googlenestcommunity.com/t5/notifications/notifymoderatorpage/message-uid/116409,0,1,1
https://www.googlenestcommunity.com/t5/Speakers-and-Displays/bd-p/SpeakersDisplays,0,1,1
https://www.googlenestcommunity.com/t5/forums/forumtopicprintpage/board-id/Cameras/message-id/20654/print-single-message/true/page/1,0,1,1
https://www.googlenestcommunity.com/t5/forums/forumtopicprintpage/board-id/Cameras/message-id/22380/print-single-message/true/page/1,0,1,1
https://www.googlenestcommunity.com/rss/message?board.id=Cameras&message.id=20654,0,1,1
https://www.googlenestcommunity.com/t5/Nest-Thermostats/bd-p/Thermostats,0,1,1
https://policies.google.com/terms,0,1,1
https://www.googlenestcommunity.com/t5/forums/forumtopicprintpage/board-id/Cameras/message-id/22509/print-single-message/true/page/1,0,1,1
https://www.googlenestcommunity.com/rss/message?board.id=Cameras&message.id=22540,0,1,1
https://www.googlenestcommunity.com/t5/Nest-Protect/bd-p/Protect,0,1,1
https://www.googlenestcommunity.com/t5/Cameras-and-Doorbells/Nest-doorbell-and-cam-whit-Samsung-smartphone/m-p/115264/highlight/true#M22268,0,1,1
https://www.googlenestcommunity.com/t5/user/viewprofilepage/user-id/18,0,1,1
https://www.googlenestcommunity.com/t5/forums/forumtopicprintpage/board-id/Cameras/message-id/24152/print-single-message/true/page/1,0,1,1
https://www.googlenestcommunity.com/rss/message?board.id=Cameras&message.id=22839,0,1,1
https://www.googlenestcommunity.com/t5/forums/v5/forumtopicpage.kudosbuttonv2.kudoentity:kudoentity/kudosable-gid/115805?t:ac=board-id/Cameras/thread-id/18614&t:cp=kudos/contributions/tapletcontributionspage,0,1,1
https://www.googlenestcommunity.com/t5/Cameras-and-Doorbells/Nest-doorbell-and-cam-whit-Samsung-smartphone/m-p/118337/highlight/true#M22840,0,1,1
https://www.googlenestcommunity.com/t5/notifications/notifymoderatorpage/message-uid/115789,0,1,1
https://www.reviewgeek.com/108095/samsung-phone-owners-impacted-by-major-nest-doorbell-and-camera-bug/,0,1,1
https://www.googlenestcommunity.com/t5/forums/v5/forumtopicpage.kudosbuttonv2.kudoentity:kudoentity/kudosable-gid/115803?t:ac=board-id/Cameras/thread-id/18614&t:cp=kudos/contributions/tapletcontributionspage,0,1,1
https://www.googlenestcommunity.com/t5/notifications/notifymoderatorpage/message-uid/115264,0,1,1
https://www.googlenestcommunity.com/rss/message?board.id=Cameras&message.id=24152,0,1,1
https://www.googlenestcommunity.com/t5/forums/forumtopicprintpage/board-id/Cameras/message-id/22839/print-single-message/true/page/1,0,1,1
https://www.googlenestcommunity.com/rss/message?board.id=Cameras&message.id=22485,0,1,1
https://support.google.com/,0,1,1
https://www.googlenestcommunity.com/t5/Blog/bg-p/blog,0,1,1
https://www.googlenestcommunity.com/rss/message?board.id=Cameras&message.id=18614,0,1,1
https://www.googlenestcommunity.com/t5/forums/v5/forumtopicpage.kudosbuttonv2.kudoentity:kudoentity/kudosable-gid/116360?t:ac=board-id/Cameras/thread-id/18614&t:cp=kudos/contributions/tapletcontributionspage,0,1,1
https://www.googlenestcommunity.com/rss/message?board.id=Cameras&message.id=22389,0,1,1
https://www.googlenestcommunity.com/t5/forums/forumtopicprintpage/board-id/Cameras/message-id/22540/print-single-message/true/page/1,0,1,1
https://www.googlenestcommunity.com/t5/Cameras-and-Doorbells/Nest-doorbell-and-cam-whit-Samsung-smartphone/m-p/113891/highlight/true#M22032,0,1,1
https://www.googlenestcommunity.com/t5/forums/forumtopicprintpage/board-id/Cameras/message-id/18614/print-single-message/false/page/1,0,1,1
https://www.googlenestcommunity.com/t5/notifications/notifymoderatorpage/message-uid/125300,0,1,1
https://www.googlenestcommunity.com/t5/forums/forumtopicprintpage/board-id/Cameras/message-id/22483/print-single-message/true/page/1,0,1,1
https://www.googlenestcommunity.com/t5/forums/v5/forumtopicpage.kudosbuttonv2.kudoentity:kudoentity/kudosable-gid/115265?t:ac=board-id/Cameras/thread-id/18614&t:cp=kudos/contributions/tapletcontributionspage,0,1,1
https://www.googlenestcommunity.com/unqkr23473/rss/message?board.id=Cameras&message.id=18614,0,1,1
https://www.googlenestcommunity.com/t5/forums/forumtopicprintpage/board-id/Cameras/message-id/22268/print-single-message/true/page/1,0,1,1
https://support.google.com/chromecast/chromecast,0,1,1
https://www.googlenestcommunity.com/t5/notifications/notifymoderatorpage/message-uid/125871,0,1,1
https://www.googlenestcommunity.com/t5/Cameras-and-Doorbells/bd-p/Cameras/page/473,0,1,1
https://www.googlenestcommunity.com/t5/help/faqpage,0,1,1
https://search.yahoo.com/web/age_restrict?accept=https%3A%2F%2Fsearch.yahoo.com%2Fweb%2Fsavepref%3Fpref_done%3Dhttps%253A%252F%252Fimages.search.yahoo.com%252Fsearch%252Fimages%253F%2526p%253DSamsung%252Bsmartphone%2526fr2%253Dp%25253As%25252Cv%25253Ai%2526.bcrumb%253D%26vm%3Dp%26.bcrumb%3D&cancel=https%3A%2F%2Fimages.search.yahoo.com%2Fsearch%2Fimages%3Fp%3DSamsung%2Bsmartphone%26ei%3DUTF-8&.bcrumb=&fr2=p%3As%2Cv%3Ai,0,1,1
https://sports.yahoo.com,0,1,1
https://images.search.yahoo.com/search/images?p=First+Cell+Phone+Samsung&fr2=p%3As%2Cv%3Ai%2Cm%3Ars-top%2Cct%3Abing%2Crgn%3Atop%2Cpos%3A15&,0,1,1
https://images.search.yahoo.com/images/view?back=https%3A%2F%2Fimages.search.yahoo.com%2Fsearch%2Fimages%3Fp%3DSamsung%2Bsmartphone%26tab%3Dorganic%26ri%3D56&w=1080&h=1080&imgurl=www.nairaland.com%2Fattachments%2F10474937_img20191029140346605_jpeg72772f5224cc96d0ea196868aba5c714&rurl=https%3A%2F%2Fwww.nairaland.com%2F5496017%2Fonly-samsung-phones-uk-new&size=71KB&p=Samsung+smartphone&oid=2c14be562304336052bb2e965e7daea7&fr2=&fr=&tt=Only+Samsung+Phones+UK+%26+New+At+Cheap+Price+and+Repairs+-+Phones+-+Nigeria&b=0&ni=21&no=56&ts=&tab=organic&sigr=sxNiheW0jpBN&sigb=LXdZIkUZ2g78&sigi=0qME1sJ7UlfK&sigt=cRm_TqJK_tLw&.crumb=&,0,1,1
https://images.search.yahoo.com/images/view?back=https%3A%2F%2Fimages.search.yahoo.com%2Fsearch%2Fimages%3Fp%3DSamsung%2Bsmartphone%26tab%3Dorganic%26ri%3D55&w=2000&h=2000&imgurl=i5.walmartimages.com%2Fasr%2Faaba216b-4358-47c6-a458-1dd5da68896f_1.e572aa25d10d4d46acce12f86d14380e.jpeg&rurl=https%3A%2F%2Fwww.walmart.com%2Fip%2FT-Mobile-Samsung-Prepaid-Galaxy-Core-Prime-Smartphone%2F46429846&size=131KB&p=Samsung+smartphone&oid=30914b1ec1d617a22f1d4cce0b2c069c&fr2=&fr=&tt=T-Mobile+Samsung+Prepaid+Galaxy+Core+Prime+Smartphone+-+Walmart.com&b=0&ni=21&no=55&ts=&tab=organic&sigr=q1B7g.SmGYim&sigb=5dpUXnx2Gan9&sigi=YH4JHbF6H7Ge&sigt=RRx5OjJF20EL&.crumb=&,0,1,1
https://images.search.yahoo.com/images/view?back=https%3A%2F%2Fimages.search.yahoo.com%2Fsearch%2Fimages%3Fp%3DSamsung%2Bsmartphone%26tab%3Dorganic%26ri%3D14&w=1007&h=1200&imgurl=i5.walmartimages.com%2Fasr%2Ff12a08a3-bcb4-4dd6-8676-c3217ac935e4_1.ec1d86774bfa77c3adeb62b297cfd4cd.jpeg&rurl=https%3A%2F%2Fwww.walmart.com%2Fip%2FRefurbished-Samsung-Galaxy-S5-16GB-AT-T-Unlocked-4G-LTE-Android-Phone-Charcoal-Black%2F854564020&size=162KB&p=Samsung+smartphone&oid=f980a65fb527f0e89f9a856a1eb730e7&fr2=&fr=&tt=Restored+Samsung+Galaxy+S5+16GB+AT%26T+Unlocked+4G+LTE+Android+Phone+-+Charcoal+Black+%28Refurbished+...&b=0&ni=21&no=14&ts=&tab=organic&sigr=Nv_iiGqWKq2F&sigb=lUAGLEmFi632&sigi=cdQ_oitkTIun&sigt=rjHxMWRbQrRL&.crumb=&,0,1,1
https://images.search.yahoo.com/images/view?back=https%3A%2F%2Fimages.search.yahoo.com%2Fsearch%2Fimages%3Fp%3DSamsung%2Bsmartphone%26tab%3Dorganic%26ri%3D27&w=474&h=440&imgurl=pisces.bbystatic.com%2Fimage2%2FBestBuy_US%2Fimages%2Fproducts%2F5286%2F5286503cv12d.jpg&rurl=https%3A%2F%2Fwww.bestbuy.com%2Fsite%2Freviews%2Fsamsung-galaxy-s7-4g-lte-with-32gb-memory-cell-phone-unlocked-black-onyx%2F5286503%3Fpage%3D4&size=107KB&p=Samsung+smartphone&oid=83ca93b88880647e7d0cde82d4039a2a&fr2=&fr=&tt=Customer+Reviews%3A+Samsung+Galaxy+S7+4G+LTE+with+32GB+Memory+Cell+Phone+%28Unlocked%29+Black+Onyx+SM+...&b=0&ni=21&no=27&ts=&tab=organic&sigr=Nyu9q.TzFqeE&sigb=EngJBDqVbefa&sigi=Y2GcIol7kaW0&sigt=ka64qmKNnOPt&.crumb=&,0,1,1
https://images.search.yahoo.com/search/images?p=Samsung+smartphone&imgc=white&fr2=p%3As%2Cv%3Ai,0,1,1
https://search.yahoo.com/search?p=Samsung+smartphone&fr2=p%3As%2Cv%3Ai%2Cm%3Apivot&stype=web,0,1,1
https://finance.yahoo.com,0,1,1
https://images.search.yahoo.com/images/view?back=https%3A%2F%2Fimages.search.yahoo.com%2Fsearch%2Fimages%3Fp%3DSamsung%2Bsmartphone%26tab%3Dorganic%26ri%3D45&w=474&h=316&imgurl=scx2.b-cdn.net%2Fgfx%2Fnews%2Fhires%2F2020%2Fsamsungsnewf.jpg&rurl=https%3A%2F%2Ftechxplore.com%2Fnews%2F2020-02-samsung-unveils-galaxy-flip-smartphone.html&size=446KB&p=Samsung+smartphone&oid=3ac3ea5fe69b4c96c42d798764301f41&fr2=&fr=&tt=Samsung+unveils+its+new+foldable+phone%2C+the+Galaxy+Z+Flip&b=0&ni=21&no=45&ts=&tab=organic&sigr=ieu2Km.0xHCP&sigb=poxKegcg8Kde&sigi=ojCh6P8eIvuZ&sigt=HiSnw.sSYVOZ&.crumb=&,0,1,1
https://images.search.yahoo.com/images/view?back=https%3A%2F%2Fimages.search.yahoo.com%2Fsearch%2Fimages%3Fp%3DSamsung%2Bsmartphone%26tab%3Dorganic%26ri%3D37&w=1200&h=1312&imgurl=upload.wikimedia.org%2Fwikipedia%2Fcommons%2Fthumb%2F7%2F71%2FI7500_with_screen_protector.jpg%2F1200px-I7500_with_screen_protector.jpg&rurl=https%3A%2F%2Fen.wikipedia.org%2Fwiki%2FSamsung_Galaxy_%28original%29&size=157KB&p=Samsung+smartphone&oid=a53b4cf273223c494c7cc32d0c1b8063&fr2=&fr=&tt=Samsung+Galaxy+%28original%29+-+Wikipedia&b=0&ni=21&no=37&ts=&tab=organic&sigr=CAbPrFzlhRxF&sigb=VRbWs26gflqx&sigi=4gJI40tnndK0&sigt=Nxrt7QPdL6m9&.crumb=&,0,1,1
https://images.search.yahoo.com/images/view?back=https%3A%2F%2Fimages.search.yahoo.com%2Fsearch%2Fimages%3Fp%3DSamsung%2Bsmartphone%26tab%3Dorganic%26ri%3D46&w=2048&h=1152&imgurl=robots.net%2Fwp-content%2Fuploads%2F2023%2F08%2F10-best-android-smartphone-for-2023-1693031426.jpg&rurl=https%3A%2F%2Frobots.net%2Ftech-reviews%2F10-best-android-smartphone-for-2023%2F&size=189KB&p=Samsung+smartphone&oid=ea2ec8249ff112d88d5da1d12c600b21&fr2=&fr=&tt=10+Best+Android+Smartphone+for+2023+%7C+Robots.net&b=0&ni=21&no=46&ts=&tab=organic&sigr=7qgZMrmWuPmI&sigb=FT3Dfj5EPqhH&sigi=yAajD1fgOAap&sigt=iniUV1C4eM5x&.crumb=&,0,1,1
https://images.search.yahoo.com/search/images?p=Samsung%27s+Latest+Phone&fr2=p%3As%2Cv%3Ai%2Cm%3Ars-top%2Cct%3Abing%2Crgn%3Atop%2Cpos%3A6&,0,1,1
http://help.yahoo.com/help/us/ysearch/,0,1,1
https://images.search.yahoo.com/images/view?back=https%3A%2F%2Fimages.search.yahoo.com%2Fsearch%2Fimages%3Fp%3DSamsung%2Bsmartphone%26tab%3Dorganic%26ri%3D54&w=2700&h=2700&imgurl=i5.walmartimages.com%2Fasr%2F349b0081-fab0-4466-ae7d-f087f8137386.75f79a8565b00b064976bcc921d46b96.jpeg&rurl=https%3A%2F%2Fwww.walmart.com%2Fip%2FAT-T-Samsung-Galaxy-A02s-32GB-Black-Prepaid-Smartphone%2F302620230&size=285KB&p=Samsung+smartphone&oid=784776892412d14f661b44a5cb1ace62&fr2=&fr=&tt=AT%26T+Samsung+Galaxy+A02s%2C+32GB%2C+Black+-+Prepaid+Smartphone+-+Walmart.com&b=0&ni=21&no=54&ts=&tab=organic&sigr=U71kKStvElWP&sigb=.d4u85ZyFOU2&sigi=dvx98JYbs9Hy&sigt=IvuyrN0GXxD3&.crumb=&,0,1,1
https://images.search.yahoo.com/search/images?p=Samsung+smartphone&imgt=day&fr2=p%3As%2Cv%3Ai,0,1,1
https://images.search.yahoo.com/search/images?p=Samsung+smartphone&imgty=gif&fr2=p%3As%2Cv%3Ai,0,1,1
https://images.search.yahoo.com/images/view?back=https%3A%2F%2Fimages.search.yahoo.com%2Fsearch%2Fimages%3Fp%3DSamsung%2Bsmartphone%26tab%3Dorganic%26ri%3D9&w=720&h=752&imgurl=images.samsung.com%2Fis%2Fimage%2Fsamsung%2Fp5%2Fae%2Fsmartphones%2Fsmartphones-pcd_j62018.png%3F%24ORIGIN_PNG%24&rurl=https%3A%2F%2Fwww.samsung.com%2Fae%2Fsmartphones%2F&size=643KB&p=Samsung+smartphone&oid=71e04efbf8fbb780e8bf036c922daeaf&fr2=&fr=&tt=Smartphones+-+Latest+Galaxy+Mobiles+%7C+Samsung+Gulf&b=0&ni=21&no=9&ts=&tab=organic&sigr=obWiuUGzRH7J&sigb=xSMdLM.9p.bg&sigi=VoBcDB2C2C71&sigt=TTR2ZZyK.Xo2&.crumb=&,0,1,1
https://images.search.yahoo.com/images/view?back=https%3A%2F%2Fimages.search.yahoo.com%2Fsearch%2Fimages%3Fp%3DSamsung%2Bsmartphone%26tab%3Dorganic%26ri%3D8&w=1440&h=932&imgurl=images.samsung.com%2Fis%2Fimage%2Fsamsung%2Fp5%2Fph%2Fmobile-devices%2Fphones-for-every-need-001-pcv.png%3F%24ORIGIN_PNG%24&rurl=https%3A%2F%2Fwww.samsung.com%2Fph%2Fsmartphones%2F&size=178KB&p=Samsung+smartphone&oid=154c73f8d6bc75ce925e6f119fe83173&fr2=&fr=&tt=Smartphones+%26+Cellphones+%7C+Samsung+Philippines&b=0&ni=21&no=8&ts=&tab=organic&sigr=xPg3dCXVssDS&sigb=Uj1cmqnH9UMS&sigi=Wtp5dYIJvxjk&sigt=W2qZJhDpTajx&.crumb=&,0,1,1
https://images.search.yahoo.com/images/view?back=https%3A%2F%2Fimages.search.yahoo.com%2Fsearch%2Fimages%3Fp%3DSamsung%2Bsmartphone%26tab%3Dorganic%26ri%3D11&w=1600&h=1067&imgurl=www.androidcentral.com%2Fsites%2Fandroidcentral.com%2Ffiles%2Fstyles%2Fw1600h900crop_wm_brw%2Fpublic%2Farticle_images%2F2021%2F01%2Fsamsung-galaxy-s21-series-2.jpg&rurl=https%3A%2F%2Fwww.androidcentral.com%2Fbest-samsung-phones&size=98KB&p=Samsung+smartphone&oid=1e9847bf19332b7903c7af30a3ce9c99&fr2=&fr=&tt=Best+Samsung+Phones+2021+%7C+Android+Central&b=0&ni=21&no=11&ts=&tab=organic&sigr=Nl461loWZ0EO&sigb=ZJdz3pdzIrHm&sigi=y70mkb9x.wX0&sigt=ZPPt8VE8jYYi&.crumb=&,0,1,1
https://images.search.yahoo.com/images/view?back=https%3A%2F%2Fimages.search.yahoo.com%2Fsearch%2Fimages%3Fp%3DSamsung%2Bsmartphone%26tab%3Dorganic%26ri%3D13&w=2400&h=1451&imgurl=s.yimg.com%2Fuu%2Fapi%2Fres%2F1.2%2FDbd0gYccwSd8XyXU9CzLPA--%7EB%2FaD0xNDUxO3c9MjQwMDthcHBpZD15dGFjaHlvbg--%2Fhttps%3A%2F%2Fs.yimg.com%2Fos%2Fcreatr-uploaded-images%2F2021-04%2Fd1bce6d0-97a8-11eb-baee-1220f349268a.cf.jpg&rurl=https%3A%2F%2Fwww.engadget.com%2Fsamsung-galaxy-a52-5g-galaxy-a42-galaxy-a32-galaxy-a12-galaxy-a02s-140017341.html&size=400KB&p=Samsung+smartphone&oid=2671d5aed9c6950b7cd035969282ad9d&fr2=&fr=&tt=Samsung%E2%80%99s+new+Galaxy+A+phone+lineup+includes+its+cheapest+5G+model+yet+%7C+Engadget&b=0&ni=21&no=13&ts=&tab=organic&sigr=LhBkVqtVjRgK&sigb=dTHb5ool__9A&sigi=tgUlVk8_i9BL&sigt=s5WDCkYTXUzg&.crumb=&,0,1,1
https://images.search.yahoo.com/search/images?p=Samsung+smartphone&imgc=orange&fr2=p%3As%2Cv%3Ai,0,1,1
https://images.search.yahoo.com/search/images?p=Free+Samsung+Phones&fr2=p%3As%2Cv%3Ai%2Cm%3Ars-top%2Cct%3Abing%2Crgn%3Atop%2Cpos%3A11&,0,1,1
https://images.search.yahoo.com/search/images?p=Samsung+smartphone&imgt=month&fr2=p%3As%2Cv%3Ai,0,1,1
https://www.yahoo.com/news,0,1,1
https://images.search.yahoo.com/search/images?p=Samsung+smartphone&imga=square&fr2=p%3As%2Cv%3Ai,0,1,1
https://images.search.yahoo.com/images/view?back=https%3A%2F%2Fimages.search.yahoo.com%2Fsearch%2Fimages%3Fp%3DSamsung%2Bsmartphone%26tab%3Dorganic%26ri%3D51&w=2000&h=1000&imgurl=static1.srcdn.com%2Fwordpress%2Fwp-content%2Fuploads%2F2022%2F04%2Fpjimage-58.jpg&rurl=https%3A%2F%2Fscreenrant.com%2Fsamsung-galaxy-phones-chronological-order%2F&size=189KB&p=Samsung+smartphone&oid=33fc977568e510e8cd66cc443ca2bcb1&fr2=&fr=&tt=Every+Samsung+Galaxy+Release+In+Chronological+Order&b=0&ni=21&no=51&ts=&tab=organic&sigr=tndwwxQaR5tF&sigb=8o307YWan5lb&sigi=3CE3Oe9YGzRZ&sigt=UD6HCn7ygknw&.crumb=&,0,1,1
http://help.yahoo.com/help/us/ysearch/?.intl=us&.lang=en-US,0,1,1
https://images.search.yahoo.com/search/images?p=Samsung+smartphone&imgsz=medium&fr2=p%3As%2Cv%3Ai,0,1,1
https://images.search.yahoo.com/search/images?p=Samsung+smartphone&imgl=pd&fr2=p%3As%2Cv%3Ai,0,1,1
https://images.search.yahoo.com/search/images?p=Samsung+smartphone&imga=wide&fr2=p%3As%2Cv%3Ai,0,1,1
https://images.search.yahoo.com/images/view?back=https%3A%2F%2Fimages.search.yahoo.com%2Fsearch%2Fimages%3Fp%3DSamsung%2Bsmartphone%26tab%3Dorganic%26ri%3D38&w=700&h=1050&imgurl=www.designerzcentral.com%2Fwp-content%2Fuploads%2F2020%2F05%2FSamsung-New-Galaxy-Smartphones.jpg&rurl=http%3A%2F%2Fwww.designerzcentral.com%2Fliving_lifestyle%2Fsamsung-new-galaxy-smartphones%2F&size=117KB&p=Samsung+smartphone&oid=a7e52b845c4fd9b2ecd143e3125582c5&fr2=&fr=&tt=Samsung+Suddenly+Confirms+Radical+New+Galaxy+Smartphones&b=0&ni=21&no=38&ts=&tab=organic&sigr=7JJnx0piMi18&sigb=OnNeJMxDHfuh&sigi=271HKTknTDNS&sigt=I_wHIsQLLLII&.crumb=&,0,1,1
https://images.search.yahoo.com/images/view?back=https%3A%2F%2Fimages.search.yahoo.com%2Fsearch%2Fimages%3Fp%3DSamsung%2Bsmartphone%26tab%3Dorganic%26ri%3D10&w=2116&h=3564&imgurl=pisces.bbystatic.com%2Fimage2%2FBestBuy_US%2Fimages%2Fproducts%2F6257%2F6257867ld.jpg&rurl=https%3A%2F%2Fwww.bestbuy.com%2Fsite%2Freviews%2Fsamsung-galaxy-j3-cell-phone-black-consumer-cellular%2F6257867&size=358KB&p=Samsung+smartphone&oid=22e6ffc6da48d5915b032480e1fe6850&fr2=&fr=&tt=Customer+Reviews%3A+Samsung+Galaxy+J3+Cell+Phone+Black+%28Consumer+Cellular%29+SAMSUNG+GALAXY+J3+...&b=0&ni=21&no=10&ts=&tab=organic&sigr=M4TKpAH9bd_y&sigb=IfhM1FV53zdb&sigi=L8p_xP2LP28p&sigt=IrkqrFaiNc4T&.crumb=&,0,1,1
https://images.search.yahoo.com/images/view?back=https%3A%2F%2Fimages.search.yahoo.com%2Fsearch%2Fimages%3Fp%3DSamsung%2Bsmartphone%26tab%3Dorganic%26ri%3D35&w=1600&h=1183&imgurl=vietnamtimes.org.vn%2Fstores%2Fnews_dataimages%2Fphuonglyvnt%2F082020%2F14%2F18%2F0415_samsung-2020-smartphone.jpg%3Frt%3D20200815070913&rurl=https%3A%2F%2Fvietnamtimes.org.vn%2Fsamsung-leads-vietnamese-smartphone-market-23445.html&size=640KB&p=Samsung+smartphone&oid=4f02f05ddb1ee433aa973d90e0cfad19&fr2=&fr=&tt=Samsung+leads+Vietnamese+smartphone+market+%7C+Vietnam+Times&b=0&ni=21&no=35&ts=&tab=organic&sigr=j1NyHGK6FFsR&sigb=uPkkEyih5Faz&sigi=NehSpjQ59UBB&sigt=.FazvzKTPL26&.crumb=&,0,1,1
https://images.search.yahoo.com/images/view?back=https%3A%2F%2Fimages.search.yahoo.com%2Fsearch%2Fimages%3Fp%3DSamsung%2Bsmartphone%26tab%3Dorganic%26ri%3D60&w=2802&h=2160&imgurl=en.letsgodigital.org%2Fuploads%2F2020%2F09%2Fsamsung-smartphone.jpg&rurl=https%3A%2F%2Fen.letsgodigital.org%2Fsmartphones%2Fsamsung-galaxy-transparent-phone%2F&size=2809KB&p=Samsung+smartphone&oid=758d09316eb57e647929df429144e6c2&fr2=&fr=&tt=Samsung+Galaxy+smartphone+with+transparent+display+%7C+LetsGoDigital&b=0&ni=21&no=60&ts=&tab=organic&sigr=B1_o3Zos6fFP&sigb=GwJ_zf6hbbXI&sigi=iYfIL9j6S_Qw&sigt=bygNFsuoLD.x&.crumb=&,0,1,1
https://images.search.yahoo.com/search/images?p=Top+Samsung+Phones&fr2=p%3As%2Cv%3Ai%2Cm%3Ars-top%2Cct%3Abing%2Crgn%3Atop%2Cpos%3A9&,0,1,1
https://images.search.yahoo.com/images/view?back=https%3A%2F%2Fimages.search.yahoo.com%2Fsearch%2Fimages%3Fp%3DSamsung%2Bsmartphone%26tab%3Dorganic%26ri%3D41&w=1200&h=600&imgurl=hips.hearstapps.com%2Fhmg-prod.s3.amazonaws.com%2Fimages%2Fsamsung-phones-2-1520368568.jpg%3Fcrop%3D1.00xw%3A1.00xh%3B0%2C0%26resize%3D1200%3A%2A&rurl=http%3A%2F%2Fwww.bestproducts.com%2Ftech%2Felectronics%2Fg158%2Fbest-samsung-phones-and-smartphones%2F&size=56KB&p=Samsung+smartphone&oid=be629c3131d000f9201fbc4d2c4b9b73&fr2=&fr=&tt=8+Best+Samsung+Phones+of+2018+-+New+Samsung+Galaxy+Smartphone+Reviews&b=0&ni=21&no=41&ts=&tab=organic&sigr=KIrLTa8Y2XNK&sigb=IPlKbhX76KmP&sigi=WZKgkutPeML4&sigt=aLoz_3jRrX5u&.crumb=&,0,1,1
https://r.search.yahoo.com/rdclks/dWU9MDk5dGc5aGpnOW45NCZ1dD0xNzI4MzcyMDA1MTEzJnVvPTgyNjAxMTg0MzEzODQ4Jmx0PTImcz0xJmVzPTl5TWNrX3k3TDFWbG5GYkZ6Smp4ZW1xODNhQm81Q1l2b1UxNkpLQmMzT1NrNGNPdUlRaFFlOUJfUmwycnpfZGFYNW1FZi55azlkM0Zid3ct/RV=2/RE=1730964005/RO=14/RU=https%3a%2f%2fwww.bing.com%2faclick%3fld%3de8Z6BnQ28C-Te8AJzOrcEJtDVUCUzUWHnVyjdcLLRMkyAEFy-CLvOUvyh2GRq4X-grBNgUimp3X5sCbH4N0uIMwxGGlJIeRFGHOxYNZNSTuxUX1FytjVEFjEnV-IAgDg90V1lMhztWo2WmMNot81WpkBjfv6xUgSMa9hB5oLrB3bn-jSq0L_trJcXmLq0sWCFOMbQNQQ%26u%3daHR0cHMlM2ElMmYlMmZ3d3cuc2Ftc3VuZy5jb20lMmZpbiUyZm11bHRpc3RvcmUlMmZjb3Jwb3JhdGUlMmZzbWFydHBob25lcyUyZiUzZmNpZCUzZGluX3BkX3NlYXJjaF9iaW5nX2IyYl9ub25lX3NhbXN1bmctcTEtMjQtZXBwLXNwcF90ZXh0XzE3amFuMjAyNC1uYV8xdXItNDU0MDM3bC1rZXl3b3JkLWNwY19uYS04MjYwMTE4NDMxMzg0OC01MjAyNjc4NzYtMTMyMTYxNTMyMzkxNDg3Mi1rd2QtODI2MDE5Mzk0NTM0NTElM2Fsb2MtOTAtc2Ftc3VuZyUyNTIwbW9iaWxlJTI1MjBwaG9uZS1lLS1vLS0lMjZtc2Nsa2lkJTNkZjExYmI4ZjQ0YTk2MTNjNjUxNGFkZmYwOTdiM2U1MDM%26rlid%3df11bb8f44a9613c6514adff097b3e503/RK=2/RS=3MfZbJXkwWoTj_qhiLULk4n_dFI-;_ylc=cnQDMA--?p=Samsung+smartphone,0,1,1
https://legal.yahoo.com/us/en/yahoo/privacy/products/searchservices/index.html,0,1,1
https://images.search.yahoo.com/search/images?p=Samsung+New+Mobile&fr2=p%3As%2Cv%3Ai%2Cm%3Ars-top%2Cct%3Abing%2Crgn%3Atop%2Cpos%3A2&,0,1,1
https://images.search.yahoo.com/search/images?p=Samsung+smartphone&imgsz=large&fr2=p%3As%2Cv%3Ai,0,1,1
https://images.search.yahoo.com/images/view?back=https%3A%2F%2Fimages.search.yahoo.com%2Fsearch%2Fimages%3Fp%3DSamsung%2Bsmartphone%26tab%3Dorganic%26ri%3D4&w=2000&h=2000&imgurl=i5.walmartimages.com%2Fasr%2F31d23744-3a9f-4bc6-88cd-bda390bab17e.9b9212a7dd5d6be8175ff3645610dce4.jpeg&rurl=https%3A%2F%2Fwww.walmart.com%2Fip%2FSamsung-Galaxy-A02s-A025M-64GB-Dual-Sim-GSM-Unlocked-Android-Smart-Phone-Red%2F405309697&size=197KB&p=Samsung+smartphone&oid=4fcaf1469a94039d698cee3f659e1d04&fr2=&fr=&tt=Samsung+Galaxy+A02s+A025M+64GB+Dual+Sim+GSM+Unlocked+Android+Smart+Phone+%28International+Variant+...&b=0&ni=21&no=4&ts=&tab=organic&sigr=ASguhzoSzOtx&sigb=3aNlLHnKJX3o&sigi=ofioWvERUxpE&sigt=Jblm5tcvckSz&.crumb=&,0,1,1
https://images.search.yahoo.com/search/images?p=Samsung+smartphone&imgsz=small&fr2=p%3As%2Cv%3Ai,0,1,1
https://images.search.yahoo.com/search/images?p=Samsung+smartphone&imgt=year&fr2=p%3As%2Cv%3Ai,0,1,1
https://images.search.yahoo.com/search/images?p=Samsung+Unlocked+Cell+Phones&fr2=p%3As%2Cv%3Ai%2Cm%3Ars-top%2Cct%3Abing%2Crgn%3Atop%2Cpos%3A12&,0,1,1
https://images.search.yahoo.com/images/view?back=https%3A%2F%2Fimages.search.yahoo.com%2Fsearch%2Fimages%3Fp%3DSamsung%2Bsmartphone%26tab%3Dorganic%26ri%3D21&w=1530&h=1530&imgurl=hips.hearstapps.com%2Fvader-prod.s3.amazonaws.com%2F1519936020-samsung-galaxy-s8-active-1519935994.jpg%3Fcrop%3D1xw%3A1xh%3Bcenter%2Ctop&rurl=http%3A%2F%2Fwww.bestproducts.com%2Ftech%2Felectronics%2Fg158%2Fbest-samsung-phones-and-smartphones%2F&size=112KB&p=Samsung+smartphone&oid=0369e0cfe36762fa183da9250ebf71e4&fr2=&fr=&tt=8+Best+Samsung+Phones+of+2018+-+New+Samsung+Galaxy+Smartphone+Reviews&b=0&ni=21&no=21&ts=&tab=organic&sigr=KIrLTa8Y2XNK&sigb=CaVDzIk6aHTm&sigi=75PrbtNsj2Fv&sigt=aLoz_3jRrX5u&.crumb=&,0,1,1
https://images.search.yahoo.com/images/view?back=https%3A%2F%2Fimages.search.yahoo.com%2Fsearch%2Fimages%3Fp%3DSamsung%2Bsmartphone%26tab%3Dorganic%26ri%3D40&w=1200&h=1800&imgurl=images.samsung.com%2Fis%2Fimage%2Fsamsung%2Ffr_GT-I9100LKAXEF_001_Front_black%3F%24M-Thumbnail%24&rurl=http%3A%2F%2Fwww.audentia-gestion.fr%2FSAMSUNG%2FSamsung-Liste-Telephones-Manuels.htm&size=383KB&p=Samsung+smartphone&oid=74034fb3f1e7e25933335d591ff0256c&fr2=&fr=&tt=T%C3%A9l%C3%A9phones+-+Mode+d%26%2339%3Bemploi+-+Manuel+de+l%26%2339%3Butilisateur+-+Manuels+-+Samsung&b=0&ni=21&no=40&ts=&tab=organic&sigr=zBj5_S2BV2gK&sigb=oxy_iWUG9Gwb&sigi=7iqX_XQ1Gfre&sigt=nu_eOhyOcfsv&.crumb=&,0,1,1
https://images.search.yahoo.com/images/view?back=https%3A%2F%2Fimages.search.yahoo.com%2Fsearch%2Fimages%3Fp%3DSamsung%2Bsmartphone%26tab%3Dorganic%26ri%3D48&w=1600&h=1600&imgurl=i.ebayimg.com%2F00%2Fs%2FMTYwMFgxNjAw%2Fz%2FFYkAAOSwl8NVeaM5%2F%2524_32.JPG&rurl=https%3A%2F%2Fwww.ebay.de%2Fb%2F8GB-Samsung-Handys-Smartphones%2F9355%2Fbn_673467&size=130KB&p=Samsung+smartphone&oid=5dab3c95251105039a759d62af694693&fr2=&fr=&tt=8GB+Samsung+Handys+%26+Smartphones+g%C3%BCnstig+kaufen+%7C+eBay&b=0&ni=21&no=48&ts=&tab=organic&sigr=P5cyWJTAWVw8&sigb=7Ss5pHVYQRT7&sigi=4d_yjKPdVGxt&sigt=RTbADe3NRd.e&.crumb=&,0,1,1
https://images.search.yahoo.com/images/view?back=https%3A%2F%2Fimages.search.yahoo.com%2Fsearch%2Fimages%3Fp%3DSamsung%2Bsmartphone%26tab%3Dorganic%26ri%3D3&w=1440&h=1920&imgurl=johnlewis.scene7.com%2Fis%2Fimage%2FJohnLewis%2F238087827%3F%24rsp-pdp-port-1440%24&rurl=https%3A%2F%2Fwww.johnlewis.com%2Fsamsung-galaxy-a50-smartphone-4gb-ram-6-4-4g-lte-sim-free-128gb%2Fp4101323&size=360KB&p=Samsung+smartphone&oid=854be2af21da5b8eca4a8c4c9017e1da&fr2=&fr=&tt=Samsung+Galaxy+A50+Smartphone%2C+4GB+RAM%2C+6.4%26quot%3B%2C+4G+LTE%2C+SIM+Free%2C+128GB+at+John+Lewis+%26+Partners&b=0&ni=21&no=3&ts=&tab=organic&sigr=aFmNC_1jeqPA&sigb=7HVqB4_sMO3H&sigi=YmazwsFL_gzQ&sigt=27FHL0xDo0wG&.crumb=&,0,1,1
https://images.search.yahoo.com/images/view?back=https%3A%2F%2Fimages.search.yahoo.com%2Fsearch%2Fimages%3Fp%3DSamsung%2Bsmartphone%26tab%3Dorganic%26ri%3D19&w=1920&h=2880&imgurl=images.samsung.com%2Fis%2Fimage%2Fsamsung%2Fuk_GT-I8190RWABTU_032_Left-angle_white_10029819042503%3F%24TM-Gallery%24&rurl=http%3A%2F%2Fwww.samsung.com%2Fuk%2Fconsumer%2Fmobile-devices%2Fsmartphones%2Fandroid%2FGT-I8190RWABTU&size=508KB&p=Samsung+smartphone&oid=7cfa0f888e413a9f98a2ce028a6ebf54&fr2=&fr=&tt=Samsung+Galaxy+S3+Mini+%7C+Android+Smartphone+%7C+4.0%26quot%3B+Super+AMOLED&b=0&ni=21&no=19&ts=&tab=organic&sigr=9D7X38unMvUC&sigb=AalBqjENvatZ&sigi=6_bng4xYHM0F&sigt=dmGiGxBB7GD2&.crumb=&,0,1,1
https://images.search.yahoo.com/search/images?p=New+Samsung+Android+Phone&fr2=p%3As%2Cv%3Ai%2Cm%3Ars-top%2Cct%3Abing%2Crgn%3Atop%2Cpos%3A8&,0,1,1
https://images.search.yahoo.com/images/view?back=https%3A%2F%2Fimages.search.yahoo.com%2Fsearch%2Fimages%3Fp%3DSamsung%2Bsmartphone%26tab%3Dorganic%26ri%3D34&w=3000&h=3000&imgurl=www.intomobile.com%2Fwp-content%2Fuploads%2F2010%2F03%2FSamsung-GalaxyS.jpg&rurl=https%3A%2F%2Fwww.intomobile.com%2F2010%2F03%2F23%2Fsamsung-galaxy-s-announced-android-2-1-4-wvga-screen-1-ghz-processor%2F&size=498KB&p=Samsung+smartphone&oid=7535d8f4b32253c3787e4525a65dbac2&fr2=&fr=&tt=Samsung+Galaxy+S+Announced+-+1+Ghz+Processor%2C+Android+2.1&b=0&ni=21&no=34&ts=&tab=organic&sigr=hNw4P8Q1Bjkv&sigb=WqLgqI0uWkHa&sigi=Zbt3HW0iM1NY&sigt=VNHmwt9i63Dn&.crumb=&,0,1,1
https://images.search.yahoo.com/images/view?back=https%3A%2F%2Fimages.search.yahoo.com%2Fsearch%2Fimages%3Fp%3DSamsung%2Bsmartphone%26tab%3Dorganic%26ri%3D12&w=2000&h=1125&imgurl=cdn.mos.cms.futurecdn.net%2Fkk5o5PsWe5D9ZKWijika7m.jpg&rurl=https%3A%2F%2Fwww.techradar.com%2Fnews%2Fbest-samsung-phones&size=200KB&p=Samsung+smartphone&oid=e2538947fb28c2ae3fd29be2882e0072&fr2=&fr=&tt=Best+Samsung+phones+2021%3A+finding+the+right+Galaxy+for+you+%7C+TechRadar&b=0&ni=21&no=12&ts=&tab=organic&sigr=wZQIoqGCUdun&sigb=yNsYrPbawaFN&sigi=4NAuVmGVPUte&sigt=_z2OWcJWj64y&.crumb=&,0,1,1
https://images.search.yahoo.com/search/images?p=Samsung+smartphone&imgl=fsuc&fr2=p%3As%2Cv%3Ai,0,1,1
https://images.search.yahoo.com/search/images?p=Samsung+smartphone&imga=tall&fr2=p%3As%2Cv%3Ai,0,1,1
https://images.search.yahoo.com/images/view?back=https%3A%2F%2Fimages.search.yahoo.com%2Fsearch%2Fimages%3Fp%3DSamsung%2Bsmartphone%26tab%3Dorganic%26ri%3D28&w=1200&h=1086&imgurl=images-na.ssl-images-amazon.com%2Fimages%2FG%2F01%2Fwireless%2Fdetail-page%2Fsamsung-galaxynexus-veriz-angle-lg.jpg&rurl=http%3A%2F%2Fwww.amazon.com%2FSamsung-Galaxy-Nexus-Android-Wireless%2Fdp%2FB0061R2A1S&size=97KB&p=Samsung+smartphone&oid=280e4927310b371a1cc0fcb3182d84a1&fr2=&fr=&tt=Amazon.com%3A+Samsung+Galaxy+Nexus+4G+Android+Phone+%28Verizon+Wireless%29%3A+Cell+Phones+%26+Accessories&b=0&ni=21&no=28&ts=&tab=organic&sigr=ao3pyik6YKSs&sigb=FJWTvauC1WAL&sigi=0REDV7aWYmho&sigt=nE9_jFNH1M1G&.crumb=&,0,1,1
http://www.yahoo.com/,0,1,1
https://yahoo.uservoice.com/forums/193847-search,0,1,1
https://images.search.yahoo.com/search/images?p=Verizon+Samsung+Cell+Phones&fr2=p%3As%2Cv%3Ai%2Cm%3Ars-top%2Cct%3Abing%2Crgn%3Atop%2Cpos%3A14&,0,1,1
https://video.search.yahoo.com/search/video?p=Samsung+smartphone&fr2=p%3As%2Cv%3Ai%2Cm%3Apivot,0,1,1
https://images.search.yahoo.com/search/images?p=Samsung+smartphone&imgc=red&fr2=p%3As%2Cv%3Ai,0,1,1
https://images.search.yahoo.com/images/view?back=https%3A%2F%2Fimages.search.yahoo.com%2Fsearch%2Fimages%3Fp%3DSamsung%2Bsmartphone%26tab%3Dorganic%26ri%3D49&w=1000&h=712&imgurl=techbroll.com%2Fwp-content%2Fuploads%2F2022%2F02%2FSamsung-Image.jpg&rurl=https%3A%2F%2Ftechbroll.com%2F2022%2F02%2Fa-look-back-on-how-samsung-revolutionized-the-smartphone-category-with-the-galaxy-s-series.html&size=72KB&p=Samsung+smartphone&oid=18908b1c7ab0f2b0c14f99e87c58d3cb&fr2=&fr=&tt=A+look+back+on+how+Samsung+revolutionized+the+smartphone+category+with+the+Galaxy+S+Series+...&b=0&ni=21&no=49&ts=&tab=organic&sigr=PHmuVwsu.3i0&sigb=zOfkorkWvIbv&sigi=CjRny24k8NBw&sigt=4MCpuL17zinP&.crumb=&,0,1,1
https://images.search.yahoo.com/search/images?p=Samsung+smartphone&imgty=linedrawing&fr2=p%3As%2Cv%3Ai,0,1,1
https://images.search.yahoo.com/images/view?back=https%3A%2F%2Fimages.search.yahoo.com%2Fsearch%2Fimages%3Fp%3DSamsung%2Bsmartphone%26tab%3Dorganic%26ri%3D24&w=474&h=523&imgurl=media.gqindia.com%2Fwp-content%2Fuploads%2F2016%2F07%2FQG-India-samsung-phone-android.jpg&rurl=https%3A%2F%2Fwww.gqindia.com%2Fcontent%2F5-best-mobile-cameras-that-you-can-buy-right-now%2F&size=131KB&p=Samsung+smartphone&oid=e8cb6a411a43c8f6184e69fa406d0b02&fr2=&fr=&tt=Best+Camera+Phone+2017+%E2%80%93+5+Best+Camera+Mobile+Phones+to+Buy+%7C+GQ+India&b=0&ni=21&no=24&ts=&tab=organic&sigr=a8.JaweuaoPf&sigb=.VdQWMeKI0zN&sigi=Jv.2DLjYMKtv&sigt=1Pukc3cZu6Os&.crumb=&,0,1,1
https://legal.yahoo.com/us/en/yahoo/terms/otos/index.html,0,1,1
https://images.search.yahoo.com/search/images?p=Samsung+smartphone&imgsz=wallpaper&fr2=p%3As%2Cv%3Ai,0,1,1
https://images.search.yahoo.com/search/images?p=Samsung+smartphone&imgc=black&fr2=p%3As%2Cv%3Ai,0,1,1
https://images.search.yahoo.com/search/images?p=Samsung+smartphone&imgf=nonportrait&fr2=p%3As%2Cv%3Ai,0,1,1
https://shopping.yahoo.com/search?p=Samsung+smartphone&fr2=p%3As%2Cv%3Ai%2Cm%3Apivot&siteId=us-search&pageId=vertical-srp,0,1,1
https://search.yahoo.com/preferences/preferences?pref_done=https%3A%2F%2Fimages.search.yahoo.com%2Fsearch%2Fimages%3Fp%3DSamsung%2Bsmartphone&.bcrumb=,0,1,1
https://images.search.yahoo.com/images/view?back=https%3A%2F%2Fimages.search.yahoo.com%2Fsearch%2Fimages%3Fp%3DSamsung%2Bsmartphone%26tab%3Dorganic%26ri%3D30&w=2000&h=1125&imgurl=www.theindianwire.com%2Fwp-content%2Fuploads%2F2020%2F05%2FUGZtxgGoYfvEW2ppteWkti.jpg&rurl=https%3A%2F%2Fwww.theindianwire.com%2Fgadgets%2Fq1-2020-samsung-leads-premium-smartphone-market-segment-in-india-271126%2F&size=193KB&p=Samsung+smartphone&oid=76d8a5d072a8bef8afdd7af6478a309c&fr2=&fr=&tt=Q1+2020+%3A+Samsung+leads+premium+smartphone+market+segment+in+India+-+The+Indian+Wire&b=0&ni=21&no=30&ts=&tab=organic&sigr=QE0on5ZYZWRy&sigb=nClwg2D1zhk2&sigi=ypuok62sJGio&sigt=bTyFP084smCf&.crumb=&,0,1,1
https://www.yahoo.com/news/weather,0,1,1
https://images.search.yahoo.com/images/view?back=https%3A%2F%2Fimages.search.yahoo.com%2Fsearch%2Fimages%3Fp%3DSamsung%2Bsmartphone%26tab%3Dorganic%26ri%3D50&w=2500&h=1667&imgurl=www.wired.com%2Freviews%2Fwp-content%2Fuploads%2F2012%2F06%2Fgalaxyphone3.jpg&rurl=https%3A%2F%2Fwww.wired.com%2F2012%2F06%2Fsamsung-galaxy-s-iii%2F&size=1198KB&p=Samsung+smartphone&oid=c1380506c6ea5212118188b26ab7d7d0&fr2=&fr=&tt=Review%3A+Samsung+Galaxy+S+III+Android+phone+%7C+WIRED&b=0&ni=21&no=50&ts=&tab=organic&sigr=2XAFkXJjfmXZ&sigb=_vCMGbfavA8r&sigi=YLK4oT5tII5H&sigt=cRGwC.alB6Oj&.crumb=&,0,1,1
https://images.search.yahoo.com/images/view?back=https%3A%2F%2Fimages.search.yahoo.com%2Fsearch%2Fimages%3Fp%3DSamsung%2Bsmartphone%26tab%3Dorganic%26ri%3D36&w=795&h=1000&imgurl=images-na.ssl-images-amazon.com%2Fimages%2FG%2F01%2Fwireless%2Fdetail-page%2Fsamsung-galaxySii-skyrocket-att-main-angle-lg.jpg&rurl=https%3A%2F%2Fwww.amazon.com%2FSamsung-Galaxy-Skyrocket-Android-Phone%2Fdp%2FB0061QPOS0&size=86KB&p=Samsung+smartphone&oid=798e0a9172080169337e0a5f1fc50343&fr2=&fr=&tt=Amazon.com%3A+Samsung+Galaxy+S+II+Skyrocket+4G+Android+Phone%2C+Black+%28AT%26T%29+%3A+Cell+Phones+%26+Accessories&b=0&ni=21&no=36&ts=&tab=organic&sigr=Pb_siRItd6Cj&sigb=Wu7OoUC6o91I&sigi=E9uIYa6lelcF&sigt=X6Y8O3gfgJ6_&.crumb=&,0,1,1
https://images.search.yahoo.com/images/view?back=https%3A%2F%2Fimages.search.yahoo.com%2Fsearch%2Fimages%3Fp%3DSamsung%2Bsmartphone%26tab%3Dorganic%26ri%3D42&w=1200&h=1200&imgurl=media.ldlc.com%2Fld%2Fproducts%2F00%2F01%2F00%2F38%2FLD0001003811_2.jpg&rurl=http%3A%2F%2Fwww.ldlc.com%2Ffiche%2FPB00125157.html&size=114KB&p=Samsung+smartphone&oid=79fa0d8f647cf28b340b399e3f54e82d&fr2=&fr=&tt=Samsung+Wave+M+GT-S7250+-+Mobile+%26+smartphone+Samsung+sur+LDLC&b=0&ni=21&no=42&ts=&tab=organic&sigr=wk43SVMZOp3T&sigb=Wz32l0tLrHd_&sigi=z772bJ4COEHl&sigt=oZ2GPKB6R8tY&.crumb=&,0,1,1
https://images.search.yahoo.com/search/images?p=Samsung+Galaxy+F&fr2=p%3As%2Cv%3Ai%2Cm%3Ars-top%2Cct%3Abing%2Crgn%3Atop%2Cpos%3A7&,0,1,1
https://search.yahoo.com/local/s?p=Samsung+smartphone&fr2=p%3As%2Cv%3Ai%2Cm%3Apivot,0,1,1
https://images.search.yahoo.com/search/images?p=Samsung+smartphone&imgc=bw&fr2=p%3As%2Cv%3Ai,0,1,1
https://images.search.yahoo.com/images/view?back=https%3A%2F%2Fimages.search.yahoo.com%2Fsearch%2Fimages%3Fp%3DSamsung%2Bsmartphone%26tab%3Dorganic%26ri%3D52&w=5759&h=3239&imgurl=cms.qz.com%2Fwp-content%2Fuploads%2F2019%2F02%2FAP_18052695412369-e1550173478179.jpg%3Fquality%3D75%26strip%3Dall%26w%3D1400&rurl=https%3A%2F%2Fqz.com%2F1550936%2Fheres-how-much-your-old-samsung-galaxy-phone-is-worth-now%2F&size=1674KB&p=Samsung+smartphone&oid=a1f47ed14a5e2135ebc93e13ddc3da3e&fr2=&fr=&tt=Here%26%2339%3Bs+how+much+your+old+Samsung+Galaxy+phone+is+worth+now+%E2%80%94+Quartz&b=0&ni=21&no=52&ts=&tab=organic&sigr=fBHn87ErQtob&sigb=Jqm5cktmgJmS&sigi=iO3MfcJEk7HS&sigt=Vs5n1b91nLhJ&.crumb=&,0,1,1
https://images.search.yahoo.com/images/view?back=https%3A%2F%2Fimages.search.yahoo.com%2Fsearch%2Fimages%3Fp%3DSamsung%2Bsmartphone%26tab%3Dorganic%26ri%3D32&w=2000&h=2000&imgurl=i5.walmartimages.com%2Fasr%2Ff05c6006-a62f-4ca9-b6f6-fca475a007ba_1.801041dc8b091f4cb780ff5c10661003.jpeg&rurl=https%3A%2F%2Fwww.walmart.com%2Fip%2FTracfone-SAMSUNG-Galaxy-S7-4G-LTE-32GB-Black-Prepaid-Smartphone%2F718154354&size=126KB&p=Samsung+smartphone&oid=fd2c19e4a8414565a9de2094fc5e6875&fr2=&fr=&tt=Tracfone+SAMSUNG+Galaxy+S7+4G+LTE%2C+32GB+Black+-+Prepaid+Smartphone+-+Walmart.com&b=0&ni=21&no=32&ts=&tab=organic&sigr=8Rd9MGsB3GER&sigb=yTHQM7wnsq1T&sigi=JDdQi1dXkl8i&sigt=_x6x84VLnhW5&.crumb=&,0,1,1
https://images.search.yahoo.com/search/images?p=Samsung+smartphone&imgc=teal&fr2=p%3As%2Cv%3Ai,0,1,1
https://images.search.yahoo.com/search/images?p=Samsung+smartphone&imgc=green&fr2=p%3As%2Cv%3Ai,0,1,1
https://images.search.yahoo.com/images/view?back=https%3A%2F%2Fimages.search.yahoo.com%2Fsearch%2Fimages%3Fp%3DSamsung%2Bsmartphone%26tab%3Dorganic%26ri%3D16&w=4032&h=3024&imgurl=cdn.mos.cms.futurecdn.net%2Fu6ACPLnZhHS9fmJGE772nU.jpg&rurl=https%3A%2F%2Fwww.tomsguide.com%2Fus%2Fbest-unlocked-phones%2Creview-2927.html&size=1838KB&p=Samsung+smartphone&oid=78a1115486f14fbfb16a07dc2b57eee7&fr2=&fr=&tt=Best+unlocked+phones+in+2021+%7C+Tom%26%2339%3Bs+Guide&b=0&ni=21&no=16&ts=&tab=organic&sigr=DW71rOJMU_ve&sigb=SZIJGxnGLuqz&sigi=fW8NV12ybi0z&sigt=eV7RGMeqXSQQ&.crumb=&,0,1,1
https://images.search.yahoo.com/search/images?p=Samsung+smartphone&imgty=photo&fr2=p%3As%2Cv%3Ai,0,1,1
https://images.search.yahoo.com/images/view?back=https%3A%2F%2Fimages.search.yahoo.com%2Fsearch%2Fimages%3Fp%3DSamsung%2Bsmartphone%26tab%3Dorganic%26ri%3D17&w=1600&h=1066&imgurl=filmdaily.co%2Fwp-content%2Fuploads%2F2020%2F06%2Fsamsung-06.jpg&rurl=https%3A%2F%2Ffilmdaily.co%2Ftech%2Fsamsung-smartphones%2F&size=271KB&p=Samsung+smartphone&oid=3216a217d26da6db33fa3698187f673c&fr2=&fr=&tt=Check+This+Out+5+of+the+Best+Samsung+Smartphones+You+Can+Buy+Today+%E2%80%93+Film+Daily&b=0&ni=21&no=17&ts=&tab=organic&sigr=s0PbtcdxN4Ll&sigb=V3xPK5LNmnpH&sigi=QtT9q.Ot.ZNt&sigt=Pqge3FB1Vh.l&.crumb=&,0,1,1
https://images.search.yahoo.com/images/view?back=https%3A%2F%2Fimages.search.yahoo.com%2Fsearch%2Fimages%3Fp%3DSamsung%2Bsmartphone%26tab%3Dorganic%26ri%3D15&w=1200&h=1800&imgurl=images.samsung.com%2Fis%2Fimage%2Fsamsung%2Fuk_GT-S5300ZKABTU_006_black_black%3F%24TM-Gallery%24&rurl=http%3A%2F%2Fwww.samsung.com%2Fuk%2Fconsumer%2Fmobile-devices%2Fsmartphones%2Fothers%2FGT-S5300ZKABTU&size=1473KB&p=Samsung+smartphone&oid=a8c2ae0860b5615ae02d651e57e1b924&fr2=&fr=&tt=Samsung+Galaxy+Pocket+%7C+3G+Android+Smartphone+%7C+2.8%26quot%3B+Display&b=0&ni=21&no=15&ts=&tab=organic&sigr=xnPSAtE7o_4j&sigb=MPCMhq4CRhJq&sigi=KmzpeoHc2TaD&sigt=3uPYc0lmGUSn&.crumb=&,0,1,1
https://images.search.yahoo.com/images/view?back=https%3A%2F%2Fimages.search.yahoo.com%2Fsearch%2Fimages%3Fp%3DSamsung%2Bsmartphone%26tab%3Dorganic%26ri%3D1&w=2500&h=2500&imgurl=www.bhphotovideo.com%2Fimages%2Fimages2500x2500%2Fsamsung_g920f_32gb_blk_galaxy_s6_g920f_32gb_1147139.jpg&rurl=https%3A%2F%2Fwww.bhphotovideo.com%2Fc%2Fproduct%2F1147139-REG%2Fsamsung_g920f_32gb_blk_galaxy_s6_g920f_32gb.html&size=283KB&p=Samsung+smartphone&oid=627ccf57877ca06dae575a58b0a7595e&fr2=&fr=&tt=Samsung+Galaxy+S6+SM-G920F+32GB+Smartphone+G920F-32GB-BLK+B%26H&b=0&ni=21&no=1&ts=&tab=organic&sigr=fWz9IjBEFMsE&sigb=VrSnScv.X39x&sigi=h41nsIgbPTkx&sigt=kaFR1xB4Z.N9&.crumb=&,0,1,1
https://images.search.yahoo.com/images/view?back=https%3A%2F%2Fimages.search.yahoo.com%2Fsearch%2Fimages%3Fp%3DSamsung%2Bsmartphone%26tab%3Dorganic%26ri%3D29&w=2420&h=1613&imgurl=cdn.vox-cdn.com%2Fthumbor%2FJZPLbV5y1YvJDe3MNXeijRrU06Q%3D%2F0x0%3A813x610%2F2420x1613%2Ffilters%3Afocal%28341x240%3A471x370%29%2Fcdn.vox-cdn.com%2Fuploads%2Fchorus_image%2Fimage%2F63704747%2F20150409-samsung-galaxy-s6.0.1509627732.0.jpg&rurl=https%3A%2F%2Fwww.vox.com%2F2015%2F10%2F13%2F11619556%2Fsamsungs-2015-smartphone-shipments-seen-falling-from-prior-year&size=178KB&p=Samsung+smartphone&oid=d83a84248527fa200fe2f59be839bf74&fr2=&fr=&tt=Samsung%26%2339%3Bs+2015+Smartphone+Shipments+Seen+Falling+From+Prior+Year+-+Vox&b=0&ni=21&no=29&ts=&tab=organic&sigr=jKKymxJdqdXG&sigb=iXnKdhtGH95u&sigi=ONDMThBoFGDm&sigt=.Mp5sHr1JZag&.crumb=&,0,1,1
https://images.search.yahoo.com/search/images?p=Samsung+smartphone&imgl=fmsuc&fr2=p%3As%2Cv%3Ai,0,1,1
https://images.search.yahoo.com/images/view?back=https%3A%2F%2Fimages.search.yahoo.com%2Fsearch%2Fimages%3Fp%3DSamsung%2Bsmartphone%26tab%3Dorganic%26ri%3D47&w=2000&h=2000&imgurl=i5.walmartimages.com%2Fasr%2F358324a2-fd30-4c04-b54c-aadc1b2c29b3_1.25d0865f300a0ec45affe204985f243b.jpeg&rurl=https%3A%2F%2Fwww.walmart.com%2Fip%2FSimple-Mobile-Samsung-Sky-Pro-Prepaid-Smartphone%2F818263698&size=139KB&p=Samsung+smartphone&oid=fb09bf983607adf42207783c3e8e5596&fr2=&fr=&tt=Simple+Mobile+SAMSUNG+Sky+Pro%2C16GB+Black+-+Prepaid+Smartphone+-+Walmart.com&b=0&ni=21&no=47&ts=&tab=organic&sigr=lNn6G5r3TJvC&sigb=vg68jYc14LvU&sigi=ZtD6w05X1gdm&sigt=E_MSKsptf_I3&.crumb=&,0,1,1
https://images.search.yahoo.com/search/images?p=Samsung+smartphone&imgc=brown&fr2=p%3As%2Cv%3Ai,0,1,1
http://advertising.yahoo.com/article/search-advertising.html,0,1,1
https://news.search.yahoo.com/search?p=Samsung+smartphone&fr2=p%3As%2Cv%3Ai%2Cm%3Apivot,0,1,1
https://images.search.yahoo.com/images/view?back=https%3A%2F%2Fimages.search.yahoo.com%2Fsearch%2Fimages%3Fp%3DSamsung%2Bsmartphone%26tab%3Dorganic%26ri%3D43&w=2000&h=1125&imgurl=cdn.mos.cms.futurecdn.net%2F6SxD9kBtDntRhMMBcPutjF.jpg&rurl=https%3A%2F%2Ftechnewsboy.com%2Fbest-samsung-phones-2021-which-galaxy-model-should-you-buy%2F&size=1855KB&p=Samsung+smartphone&oid=de5153b63147ed8ac3e61cbf9ec26f0f&fr2=&fr=&tt=Best+Samsung+phones+2021%3A+Which+Galaxy+model+should+you+buy%3F+-+TechNewsBoy.com&b=0&ni=21&no=43&ts=&tab=organic&sigr=GzuNIy.5..K4&sigb=g_PoBPIMjLhD&sigi=ddchjHs3z8aV&sigt=KmX8CKAkv146&.crumb=&,0,1,1
https://images.search.yahoo.com/images/view?back=https%3A%2F%2Fimages.search.yahoo.com%2Fsearch%2Fimages%3Fp%3DSamsung%2Bsmartphone%26tab%3Dorganic%26ri%3D59&w=720&h=752&imgurl=images.samsung.com%2Fis%2Fimage%2Fsamsung%2Fassets%2Fat%2Fp6_gro2%2Fp6_initial_pcd%2Fp6_initial_mobile%2FAll_PCD_Smartphones_720X752_module_1.png%3F%24FB_TYPE_B_PNG%24&rurl=https%3A%2F%2Fwww.samsung.com%2Fat%2Fsmartphones%2F&size=278KB&p=Samsung+smartphone&oid=4a9e9007578686459c85bdcfb3b6ed33&fr2=&fr=&tt=Samsung+Mobiles+-+Aktuelle+Galaxy+Smartphones+%7C+Samsung+%C3%96sterreich&b=0&ni=21&no=59&ts=&tab=organic&sigr=xShFLLOdb3Rq&sigb=45mg6W2P9of3&sigi=fF7c6he1.xsZ&sigt=tMCaDV.XjTFL&.crumb=&,0,1,1
https://images.search.yahoo.com/search/images?p=Samsung+smartphone&imgl=fsu&fr2=p%3As%2Cv%3Ai,0,1,1
https://images.search.yahoo.com/search/images?p=Samsung+smartphone&imgf=portrait&fr2=p%3As%2Cv%3Ai,0,1,1
https://images.search.yahoo.com/images/view?back=https%3A%2F%2Fimages.search.yahoo.com%2Fsearch%2Fimages%3Fp%3DSamsung%2Bsmartphone%26tab%3Dorganic%26ri%3D39&w=1080&h=1080&imgurl=www.nairaland.com%2Fattachments%2F10608839_b2d896e6c55470a476a553f6ef53512f_jpegc186b12f197166a69a06d78ebcd7566a&rurl=https%3A%2F%2Fwww.nairaland.com%2F5496017%2Fonly-samsung-phones-uk-new&size=98KB&p=Samsung+smartphone&oid=85ca63f3e8111d4c2a33f6de27bfeec0&fr2=&fr=&tt=Only+Samsung+Phones+UK+%26+New+At+Cheap+Price+and+Repairs+-+Phones+-+Nigeria&b=0&ni=21&no=39&ts=&tab=organic&sigr=sxNiheW0jpBN&sigb=Gr0a.7QPhuQO&sigi=ZqbPtilwJvbd&sigt=cRm_TqJK_tLw&.crumb=&,0,1,1
https://images.search.yahoo.com/search/images?p=Samsung+Smart+Cell+Phones&fr2=p%3As%2Cv%3Ai%2Cm%3Ars-top%2Cct%3Abing%2Crgn%3Atop%2Cpos%3A3&,0,1,1
https://images.search.yahoo.com/images/view?back=https%3A%2F%2Fimages.search.yahoo.com%2Fsearch%2Fimages%3Fp%3DSamsung%2Bsmartphone%26tab%3Dorganic%26ri%3D33&w=3500&h=2334&imgurl=sa.kapamilya.com%2Fabsnews%2Fabscbnnews%2Fmedia%2F2019%2Fnews%2F02%2F21%2Fphone3.jpg&rurl=https%3A%2F%2Fnews.abs-cbn.com%2Fbusiness%2F02%2F21%2F19%2Fsamsungs-folding-phone-with-5g-costs-nearly-2000&size=980KB&p=Samsung+smartphone&oid=ea5e722d1a711206b78581ff554f2684&fr2=&fr=&tt=Samsung%26%2339%3Bs+folding+phone+with+5G+costs+nearly+%242%2C000+%7C+ABS-CBN+News&b=0&ni=21&no=33&ts=&tab=organic&sigr=Z_zG6gvzbfbb&sigb=km5.6YJRdWgx&sigi=TN6Vvf2rX8ih&sigt=Ed5cQzM5Ch.o&.crumb=&,0,1,1
http://help.yahoo.com/l/us/yahoo/search/basics/basics-03.html,0,1,1
https://images.search.yahoo.com/search/images?p=Samsung+Galaxy+Phone+T-Mobile&fr2=p%3As%2Cv%3Ai%2Cm%3Ars-top%2Cct%3Abing%2Crgn%3Atop%2Cpos%3A10&,0,1,1
https://images.search.yahoo.com/search/images?p=Samsung+smartphone&imgt=week&fr2=p%3As%2Cv%3Ai,0,1,1
https://images.search.yahoo.com/search/images?p=Samsung+smartphone&imgc=color&fr2=p%3As%2Cv%3Ai,0,1,1
https://images.search.yahoo.com/search/images?p=Samsung+smartphone&imgl=fmsu&fr2=p%3As%2Cv%3Ai,0,1,1
https://images.search.yahoo.com/images/view?back=https%3A%2F%2Fimages.search.yahoo.com%2Fsearch%2Fimages%3Fp%3DSamsung%2Bsmartphone%26tab%3Dorganic%26ri%3D6&w=474&h=301&imgurl=cdn.mos.cms.futurecdn.net%2FAbyf8teaRLS7zqd2NQ3Z7k.jpg&rurl=https%3A%2F%2Fwww.tomsguide.com%2Fuk%2Fbest-picks%2Fbest-samsung-phone&size=4072KB&p=Samsung+smartphone&oid=522f2b78e1577efa9bc662b6d3c154b6&fr2=&fr=&tt=Best+Samsung+phones+2021%3A+Which+Galaxy+model+should+you+buy%3F+%7C+Tom%26%2339%3Bs+Guide&b=0&ni=21&no=6&ts=&tab=organic&sigr=bzWM0yjdERyY&sigb=0ynbFRk89xuo&sigi=OJ_r7moS91An&sigt=IVhY.pD88I5o&.crumb=&,0,1,1
https://images.search.yahoo.com/search/images?p=Samsung+smartphone&imgf=face&fr2=p%3As%2Cv%3Ai,0,1,1
https://images.search.yahoo.com/images/view?back=https%3A%2F%2Fimages.search.yahoo.com%2Fsearch%2Fimages%3Fp%3DSamsung%2Bsmartphone%26tab%3Dorganic%26ri%3D22&w=2147&h=3845&imgurl=obrazki.elektroda.pl%2F5882635800_1349426183.jpg&rurl=https%3A%2F%2Fwww.elektroda.pl%2Frtvforum%2Ftopic2392882.html&size=579KB&p=Samsung+smartphone&oid=cabfcf2a772cd25d6e12a98fa2b4a668&fr2=&fr=&tt=Samsung+Galaxy+Express+-+smartphone+z+4%2C5%26quot%3B+ekranem%2C+Android+4.0+i+LTE&b=0&ni=21&no=22&ts=&tab=organic&sigr=anrnmfWxU6uK&sigb=nETgPjLvcA1C&sigi=kK2S72YAfwtb&sigt=PTj0VLN1Mqyo&.crumb=&,0,1,1
https://guce.yahoo.com/privacy-dashboard?locale=en-US&done=https%3A%2F%2Fimages.search.yahoo.com%2Fsearch%2Fimages%3Fp%3DSamsung%2Bsmartphone%26ei%3DUTF-8,0,1,1
https://images.search.yahoo.com/search/images?p=Samsung+smartphone&imgty=transparent&fr2=p%3As%2Cv%3Ai,0,1,1
https://images.search.yahoo.com/images/view?back=https%3A%2F%2Fimages.search.yahoo.com%2Fsearch%2Fimages%3Fp%3DSamsung%2Bsmartphone%26tab%3Dorganic%26ri%3D53&w=1200&h=1800&imgurl=cdn0.tnwcdn.com%2Fwp-content%2Fblogs.dir%2F1%2Ffiles%2F2013%2F08%2FSamsung_Hennessey.jpg&rurl=https%3A%2F%2Fthenextweb.com%2Fnews%2Fsamsungs-flip-screen-android-smartphone-gets-official-but-theres-no-mention-of-a-uk-or-us-release&size=1187KB&p=Samsung+smartphone&oid=06acbef7e63378dfb540f0de0d6dcd6d&fr2=&fr=&tt=Samsung%26%2339%3Bs+W789+Flip+Screen+Android+4.1+Smartphone+Gets+Official&b=0&ni=21&no=53&ts=&tab=organic&sigr=F0vF4MImhY7f&sigb=YOrRqGijMPDG&sigi=dps2l8ZdakE0&sigt=cDe3QAWmF3LS&.crumb=&,0,1,1
https://r.search.yahoo.com/rdclks/dWU9MDk5dGc5aGpnOW45NCZ1dD0xNzI4MzcyMDA1MTEzJnVvPTcxNDY4NTE1ODI4NDMyJmx0PTImcz0xJmVzPUlab1dOTFJsUzFQM294V0xhb0RaZ3Yzbm4xY2ttNmFQOTZ2UHh2Q0cyMXlDWm9GaDhxNk9NVG9qTHNTWVVPbU5SSTExNVdFUDVpc2RWOWMt/RV=2/RE=1730964005/RO=14/RU=https%3a%2f%2fwww.bing.com%2faclick%3fld%3de88NCJRsiRp4FMcLe66VLkODVUCUzWkZFs3FLu6Tqd0q7z6A-6NYNcgMO03G2yr2Or2cJxakgk3HrzaY4VKgQw2H4hBiMbH0uPLrMA4s5kSEKy3y0jFwIAw9NZWmEUmi0D8y8FvbE4zYj18XeOnGaemZOuL-CenZn-g8xTDnTv5ACmC4xW6ZGaroLWxumzLGKQwHFJEQ%26u%3daHR0cHMlM2ElMmYlMmZjbGlja3NlcnZlLmRhcnRzZWFyY2gubmV0JTJmbGluayUyZmNsaWNrJTNmJTI2JTI2ZHNfZV9hZGlkJTNkNzE0Njg1MTU4Mjg0MzIlMjZkc19lX3RhcmdldF9pZCUzZGRhdC0yMzIzMjY4MDY5ODU2NzQxJTNhbG9jLTkwJTI2JTI2ZHNfdXJsX3YlM2QyJTI2ZHNfZGVzdF91cmwlM2RodHRwcyUzYSUyZiUyZnd3dy53YWxtYXJ0LmNvbSUyZmlwJTJmUHJlLU93bmVkLVNhbXN1bmctR2FsYXh5LVMyMS1QbHVzLTVHLUc5OTZVLTEyOEdCLUJsYWNrLVNtYXJ0cGhvbmUtZm9yLVhmaW5pdHktTW9iaWxlLVZlcnktUmVmdXJiaXNoZWQtR29vZCUyZjU5MzE0NTE2MSUzZmFkaWQlM2QyMjIyMjIyMjI2NDQ1MjA1Njg5NSUyNndtbHNwYXJ0bmVyJTNkd210bGFicyUyNndsMCUzZGIlMjZ3bDElM2RvJTI2d2wyJTNkYyUyNndsMyUzZDcxNDY4NTE1ODI4NDMyJTI2d2w0JTNkZGF0LTIzMjMyNjgwNjk4NTY3NDElM2Fsb2MtOTAlMjZ3bDUlM2QxNDk5MTUlMjZ3bDYlM2QlMjZ3bDclM2QlMjZ3bDE0JTNkU2Ftc3VuZyUyNTIwc21hcnRwaG9uZSUyNnZlaCUzZHNlbSUyNmdjbGlkJTNkNmJhM2Q4N2QzZDg1MWFlNGNjY2NiZjc5ZTBhMDBiNTMlMjZnY2xzcmMlM2QzcC5kcyUyNiUyNm1zY2xraWQlM2Q2YmEzZDg3ZDNkODUxYWU0Y2NjY2JmNzllMGEwMGI1Mw%26rlid%3d6ba3d87d3d851ae4ccccbf79e0a00b53/RK=2/RS=5uyitGfO5YVkRJCIHR5rdCK3vZ8-;_ylc=cnQDMA--?p=Samsung+smartphone,0,1,1
https://images.search.yahoo.com/images/view?back=https%3A%2F%2Fimages.search.yahoo.com%2Fsearch%2Fimages%3Fp%3DSamsung%2Bsmartphone%26tab%3Dorganic%26ri%3D44&w=1617&h=2845&imgurl=ak1.ostkcdn.com%2Fimages%2Fproducts%2F7858059%2F81%2F697%2FSamsung-Galaxy-S-Duos-S7562-GSM-Unlocked-Dual-Sim-Android-Cell-Phone-Black-P15243922.jpg&rurl=https%3A%2F%2Fdesignonpresents.blogspot.com%2F2021%2F06%2Fhow-do-you-unlock-samsung-t-mobile-phone.html&size=333KB&p=Samsung+smartphone&oid=4095f0fc2a66a9b60792a74d7da37921&fr2=&fr=&tt=How+Do+You+Unlock+A+Samsung+T+Mobile+Phone+-+designonpresents&b=0&ni=21&no=44&ts=&tab=organic&sigr=kU.hoIsXORQQ&sigb=r84uSoXViOQe&sigi=RT9jq_tsj_gk&sigt=uweCXD75Ct5B&.crumb=&,0,1,1
https://images.search.yahoo.com/images/view?back=https%3A%2F%2Fimages.search.yahoo.com%2Fsearch%2Fimages%3Fp%3DSamsung%2Bsmartphone%26tab%3Dorganic%26ri%3D25&w=2000&h=1333&imgurl=blog.colombo.com.br%2Fwp-content%2Fuploads%2F2020%2F07%2F5b12b4d7-60ed-40e5-9eaa-056439b97a24.jpg&rurl=https%3A%2F%2Fwww.colombo.com.br%2Fblog%2Ftecnologia%2Fsmartphones-samsung-listamos-alguns-modelos-para-voce-escolher%2F&size=1490KB&p=Samsung+smartphone&oid=670c580206d1a793e8093b2894c0d194&fr2=&fr=&tt=Confira+alguns+modelos+de+smartphones+da+Samsung%7C+Lojas+Colombo&b=0&ni=21&no=25&ts=&tab=organic&sigr=CoFDvZl6O8A.&sigb=96qmiGeDE5uR&sigi=VEitmGS0mH_l&sigt=mcw0wKGxlRp4&.crumb=&,0,1,1
https://images.search.yahoo.com/images/view?back=https%3A%2F%2Fimages.search.yahoo.com%2Fsearch%2Fimages%3Fp%3DSamsung%2Bsmartphone%26tab%3Dorganic%26ri%3D20&w=474&h=316&imgurl=mynewsfit.com%2Fwp-content%2Fuploads%2F2019%2F11%2Fsamsung.jpg&rurl=https%3A%2F%2Fmynewsfit.com%2Flatest-features-technology-in-samsung-smartphone%2F&size=113KB&p=Samsung+smartphone&oid=6d20d4b7b4a86d194c16df37b3106a7d&fr2=&fr=&tt=Latest+Features+Technology+in+Samsung+Smartphone&b=0&ni=21&no=20&ts=&tab=organic&sigr=5fq3LKtpgdfl&sigb=zFWJIMvK5bQ.&sigi=sVMHVIxik51R&sigt=8BcfadtIS7iS&.crumb=&,0,1,1
https://images.search.yahoo.com/images/view?back=https%3A%2F%2Fimages.search.yahoo.com%2Fsearch%2Fimages%3Fp%3DSamsung%2Bsmartphone%26tab%3Dorganic%26ri%3D5&w=474&h=474&imgurl=d3d71ba2asa5oz.cloudfront.net%2F12021148%2Fimages%2Fg9203.jpg&rurl=http%3A%2F%2Fwww.ebay.com%2Fitm%2FSamsung-Galaxy-S6-G920-Android-Smartphone-32GB-Verizon-%2F262917892249&size=246KB&p=Samsung+smartphone&oid=1762614d7016452a1c16ec8d346062ae&fr2=&fr=&tt=Samsung+Galaxy+S6+G920+Android+Smartphone+32GB+Verizon&b=0&ni=21&no=5&ts=&tab=organic&sigr=_vS.iaQZbREG&sigb=OGh9tZVC9Xlp&sigi=tWBHCqlOjWrU&sigt=l.U9pssgv52Y&.crumb=&,0,1,1
https://images.search.yahoo.com/search/images?p=Samsung+smartphone&imgc=yellow&fr2=p%3As%2Cv%3Ai,0,1,1
https://images.search.yahoo.com/images/view?back=https%3A%2F%2Fimages.search.yahoo.com%2Fsearch%2Fimages%3Fp%3DSamsung%2Bsmartphone%26tab%3Dorganic%26ri%3D23&w=474&h=474&imgurl=bpc.h-cdn.co%2Fassets%2F16%2F14%2F1459802846-samsung-galaxy-s7.jpg&rurl=http%3A%2F%2Fwww.bestproducts.com%2Ftech%2Felectronics%2Fg158%2Fbest-samsung-phones-and-smartphones%2F&size=269KB&p=Samsung+smartphone&oid=de3a74ae75a3c234c9972f679e0739dc&fr2=&fr=&tt=9+Best+Samsung+Phones+of+2017+-+Top+Rated+Samsung+Galaxy+Smartphone+Reviews&b=0&ni=21&no=23&ts=&tab=organic&sigr=KIrLTa8Y2XNK&sigb=k91Df.YvtKeY&sigi=P0wiUB9ROJZ.&sigt=5Cvc61HlEdy7&.crumb=&,0,1,1
https://images.search.yahoo.com/images/view?back=https%3A%2F%2Fimages.search.yahoo.com%2Fsearch%2Fimages%3Fp%3DSamsung%2Bsmartphone%26tab%3Dorganic%26ri%3D2&w=474&h=379&imgurl=www.lifewire.com%2Fthmb%2F-cA-9xF6JPmgnriyHU0KUWCirKY%3D%2Ffit-in%2F3224x2579%2Ffilters%3Ano_upscale%28%29%3Amax_bytes%28150000%29%3Astrip_icc%28%29%2Fgs10e-photo13-HeroHoriz-dfd14396a8514f4ab9d48f9bfb56cbd3.jpg&rurl=https%3A%2F%2Fwww.lifewire.com%2Fbest-samsung-phones-4160635&size=585KB&p=Samsung+smartphone&oid=e63036535aa13c663954d1d9b9bd8ab3&fr2=&fr=&tt=The+5+Best+Samsung+Phones+of+2021&b=0&ni=21&no=2&ts=&tab=organic&sigr=21ahCgwSVnAH&sigb=JY7dQ.n5PoSl&sigi=lfcSVJf_Luez&sigt=bwBwkD414lBh&.crumb=&,0,1,1
https://images.search.yahoo.com/images/view?back=https%3A%2F%2Fimages.search.yahoo.com%2Fsearch%2Fimages%3Fp%3DSamsung%2Bsmartphone%26tab%3Dorganic%26ri%3D18&w=1000&h=1000&imgurl=bpc.h-cdn.co%2Fassets%2F16%2F14%2F1459802873-samsung-galaxy-note5.jpg&rurl=http%3A%2F%2Fwww.bestproducts.com%2Ftech%2Felectronics%2Fg158%2Fbest-samsung-phones-and-smartphones%2F&size=350KB&p=Samsung+smartphone&oid=1a3e6df65137d47a2f62ab47412ab5a6&fr2=&fr=&tt=12+Best+Samsung+Phones+in+2016+-+Top-Rated+Samsung+Galaxy+Smartphones+%26+Reviews&b=0&ni=21&no=18&ts=&tab=organic&sigr=KIrLTa8Y2XNK&sigb=3uL2hbdZflXl&sigi=u65RUh3NCmEC&sigt=Lx3Si3TQQpuM&.crumb=&,0,1,1
https://images.search.yahoo.com/search/images?p=Samsung+smartphone&imgc=pink&fr2=p%3As%2Cv%3Ai,0,1,1
https://images.search.yahoo.com/search/images?p=Newest+Samsung+Phone&fr2=p%3As%2Cv%3Ai%2Cm%3Ars-top%2Cct%3Abing%2Crgn%3Atop%2Cpos%3A1&,0,1,1
https://images.search.yahoo.com/search/images?p=Samsung+smartphone&imgc=purple&fr2=p%3As%2Cv%3Ai,0,1,1
https://images.search.yahoo.com/images/view?back=https%3A%2F%2Fimages.search.yahoo.com%2Fsearch%2Fimages%3Fp%3DSamsung%2Bsmartphone%26tab%3Dorganic%26ri%3D7&w=2667&h=2000&imgurl=www.notebookcheck.net%2Ffileadmin%2FNotebooks%2FSamsung%2FGalaxy_S5%2Fde_SM-G900FZWADBT_000235598_front-dynamic4_blue.jpg&rurl=http%3A%2F%2Fwww.notebookcheck.net%2FReview-Samsung-Galaxy-S5-Smartphone.116068.0.html&size=1280KB&p=Samsung+smartphone&oid=81e41a704e3bdc4f09242f2b1e155cb0&fr2=&fr=&tt=Review+Samsung+Galaxy+S5+Smartphone+-+NotebookCheck.net+Reviews&b=0&ni=21&no=7&ts=&tab=organic&sigr=7GBLP0vN38WA&sigb=PF_cYSfjzqwl&sigi=WU0K3d0IDpBN&sigt=DSxCxoTv6qg8&.crumb=&,0,1,1
https://images.search.yahoo.com/search/images?p=Samsung+smartphone&imgc=gray&fr2=p%3As%2Cv%3Ai,0,1,1
https://images.search.yahoo.com/search/images?p=Samsung+smartphone&imgc=blue&fr2=p%3As%2Cv%3Ai,0,1,1
https://mail.yahoo.com/?.src=ym,0,1,1
https://images.search.yahoo.com/search/images?p=Samsung+Galaxy+Flip+Phone&fr2=p%3As%2Cv%3Ai%2Cm%3Ars-top%2Cct%3Abing%2Crgn%3Atop%2Cpos%3A13&,0,1,1
https://images.search.yahoo.com/search/images?p=Samsung+smartphone&imgl=cc&fr2=p%3As%2Cv%3Ai,0,1,1
https://images.search.yahoo.com/images/view?back=https%3A%2F%2Fimages.search.yahoo.com%2Fsearch%2Fimages%3Fp%3DSamsung%2Bsmartphone%26tab%3Dorganic%26ri%3D31&w=6677&h=4045&imgurl=media.gizmodo.co.uk%2Fwp-content%2Fuploads%2F2015%2F12%2FSamsung-galaxy-s6-edge.jpg&rurl=http%3A%2F%2Fwww.gizmodo.co.uk%2F2015%2F12%2Fbest-smartphones-of-2015%2F&size=621KB&p=Samsung+smartphone&oid=9052aa129fb1a393874d2e1c525f6fcf&fr2=&fr=&tt=Best+Smartphones+of+2015%3A+iPhone+6S%2C+Samsung+Galaxy+S6+Edge+and+More+%7C+Gizmodo+UK&b=0&ni=21&no=31&ts=&tab=organic&sigr=jm4vkMLa75Ko&sigb=LFUHyAkIr1Jp&sigi=SJzK9A.lBTyR&sigt=5oXBVmBGLAFA&.crumb=&,0,1,1
https://r.search.yahoo.com/rdclks/dWU9MDk5dGc5aGpnOW45NCZ1dD0xNzI4MzcyMDA1MTEzJnVvPTczMjU1MjcwMTUyNDU3Jmx0PTImcz0xJmVzPUVwekdfUEx1OGNHb21ybEJSUHVWcHpNbjBQeVR4Q2VZaExJNUZvSVhvSk9PTVFSLnNWQ0hQSVNNZUJxMDREMlZQMFoyUm1Pb1dFNzlUUS0t/RV=2/RE=1730964005/RO=14/RU=https%3a%2f%2fwww.bing.com%2faclick%3fld%3de89Rzc9X993_xXolJV7z08gzVUCUwFw8RXN0mag2HixueEh3u6jFVYPjlx4FBszpsV5U-BKGoNHSC3KKVQhrhawH9iSTAazOI93z5PL_5ClNehcPrHLUT40J_e8UF2oYAeRXoJ4Lbyl8abEVNTxkB1mh1fxdBRBkAofFHACG0NrdT1JQ83-Dm0KViOUvTNGWmTPft--A%26u%3daHR0cHMlM2ElMmYlMmZ3d3cuYmVzdHByb2R1Y3RzLmNvbSUyZnRlY2glMmZlbGVjdHJvbmljcyUyZmcxNTglMmZiZXN0LXNhbXN1bmctcGhvbmVzLWFuZC1zbWFydHBob25lcyUyZiUzZnV0bV9zb3VyY2UlM2RiaW5nJTI2dXRtX21lZGl1bSUzZGNwYyUyNnV0bV9jYW1wYWlnbiUzZG1ndV9iZ19icF9tZF9kc2FfY29tbV9taXhfdXNfMTk2NTU1OTYwNDAlMjZtc2Nsa2lkJTNkMmVjNmZhMDU5NDM1MWU2NDk1OTc5ZDAxNDkxMDdlNzM%26rlid%3d2ec6fa0594351e6495979d0149107e73/RK=2/RS=mjtrpkliNTUw6oi4uQ8YbZRaa.s-;_ylc=cnQDMA--?p=Samsung+smartphone,0,1,1
https://images.search.yahoo.com/images/view?back=https%3A%2F%2Fimages.search.yahoo.com%2Fsearch%2Fimages%3Fp%3DSamsung%2Bsmartphone%26tab%3Dorganic%26ri%3D26&w=2000&h=2000&imgurl=www.bhphotovideo.com%2Fimages%2Fimages2000x2000%2Fsamsung_i747_blue_16gb_galaxy_s_iii_1028979.jpg&rurl=https%3A%2F%2Fwww.bhphotovideo.com%2Fc%2Fproduct%2F1028979-REG%2Fsamsung_i747_blue_16gb_galaxy_s_iii.html&size=252KB&p=Samsung+smartphone&oid=d9473c67dfce277ab5d312f5da437418&fr2=&fr=&tt=Samsung+Galaxy+S+III+16GB+AT%26T+Branded+Smartphone+I747-BLUE+B%26H&b=0&ni=21&no=26&ts=&tab=organic&sigr=TPc13QANrphv&sigb=1YuhD68045sq&sigi=JvQDRUkjr_7.&sigt=TH13IBoLUvP7&.crumb=&,0,1,1
https://images.search.yahoo.com/search/images?p=New+Samsung+Galaxy+Smartphone&fr2=p%3As%2Cv%3Ai%2Cm%3Ars-top%2Cct%3Abing%2Crgn%3Atop%2Cpos%3A5&,0,1,1
https://images.search.yahoo.com/search/images?p=Samsung+smartphone&imgty=clipart&fr2=p%3As%2Cv%3Ai,0,1,1
https://images.search.yahoo.com/images/view?back=https%3A%2F%2Fimages.search.yahoo.com%2Fsearch%2Fimages%3Fp%3DSamsung%2Bsmartphone%26tab%3Dorganic%26ri%3D58&w=474&h=237&imgurl=bpc.h-cdn.co%2Fassets%2F17%2F24%2F1497286705-samsung-phones.jpg&rurl=http%3A%2F%2Fwww.bestproducts.com%2Ftech%2Felectronics%2Fg158%2Fbest-samsung-phones-and-smartphones%2F&size=673KB&p=Samsung+smartphone&oid=f43907c38b90c4c5691f64df149ef20a&fr2=&fr=&tt=7+Best+Samsung+Phones+of+2018+-+New+Samsung+Galaxy+Smartphone+Reviews&b=0&ni=21&no=58&ts=&tab=organic&sigr=KIrLTa8Y2XNK&sigb=fx6LjWnqpaaU&sigi=JclGEa.fmFwM&sigt=3ByT2Ui3oe1T&.crumb=&,0,1,1
https://images.search.yahoo.com/search/images?p=Galaxy+Cell+Phone&fr2=p%3As%2Cv%3Ai%2Cm%3Ars-top%2Cct%3Abing%2Crgn%3Atop%2Cpos%3A4&,0,1,1
https://login.yahoo.com/config/login?.src=&.intl=us&.lang=en-US&.done=https%3A%2F%2Fimages.search.yahoo.com%2Fsearch%2Fimages%3Fp%3DSamsung%2Bsmartphone,0,1,1
https://images.search.yahoo.com/images/view?back=https%3A%2F%2Fimages.search.yahoo.com%2Fsearch%2Fimages%3Fp%3DSamsung%2Bsmartphone%26tab%3Dorganic%26ri%3D57&w=1350&h=950&imgurl=static1.pocketlintimages.com%2Fwordpress%2Fwp-content%2Fuploads%2F136736-phones-news-feature-from-galaxy-s-to-galaxy-s10-here-s-a-timeline-of-samsung-s-flagship-android-phones-in-pictures-image1-nmvpc9wqcb.jpg&rurl=https%3A%2F%2Fwww.pocket-lint.com%2Ftimeline-of-samsung-galaxy-flagship-android-phones-in-pictures%2F&size=93KB&p=Samsung+smartphone&oid=67c2911229625cf270ba72dd85acdea6&fr2=&fr=&tt=From+Galaxy+S+to+Galaxy+S22%3A+A+timeline+of+Samsung+phones&b=0&ni=21&no=57&ts=&tab=organic&sigr=YbuZjw_Nqg5Z&sigb=QL7q8VesGO42&sigi=cX.n35953cIa&sigt=lzyZzierOW9b&.crumb=&,0,1,1
https://www.samsung.com/us/rings/galaxy-ring/#health,0,1,1
https://www.samsung.com/us/watches/galaxy-watch7/#galaxy-ai,0,1,1
https://www.samsung.com/us/mobile-audio/galaxy-buds3-pro/#pro-audio,0,1,1
https://www.samsung.com/us/mobile/#content,0,1,1
https://www.samsung.com/us/mobile-audio/galaxy-buds3-pro/#design,0,1,1
https://www.samsung.com/us/smartphones/galaxy-s24-ultra/#performance,0,1,1
https://www.samsung.com/us/mobile-audio/galaxy-buds3-pro/buy/,0,1,1
https://www.samsung.com/us/watches/galaxy-watch-ultra/#durability,0,1,1
https://www.samsung.com/us/tablets/galaxy-tab-s10/#display,0,1,1
https://www.samsung.com/us/smartphones/galaxy-s24-fe/#performance,0,1,1
https://www.samsung.com/us/watches/galaxy-watch-ultra/#battery,0,1,1
https://www.samsung.com/us/smartphones/galaxy-z-fold6/#camera,0,1,1
https://www.samsung.com/us/rings/galaxy-ring/buy/,0,1,1
https://www.samsung.com/us/smartphones/galaxy-z-flip6/#interpreter,0,1,1
https://www.samsung.com/us/watches/galaxy-watch-ultra/#health,0,1,1
https://www.samsung.com/us/smartphones/galaxy-s24-ultra/buy/galaxy-s24-ultra-512gb-unlocked-sm-s928ulbfxaa/,0,1,1
https://www.samsung.com/us/tablets/galaxy-tab-s10/#galaxy-ai,0,1,1
https://www.samsung.com/us/watches/galaxy-watch7/#health,0,1,1
https://www.samsung.com/us/mobile-audio/galaxy-buds3-pro/#galaxy-ai,0,1,1
https://www.samsung.com/us/smartphones/galaxy-s24-ultra/#design,0,1,1
https://www.samsung.com/us/smartphones/galaxy-s24-ultra/compare/?device-1=samsung-galaxy-s24-ultra&device-2=samsung-galaxy-s24%2B&device-3=samsung-galaxy-s24,0,1,1
https://www.samsung.com/us/smartphones/galaxy-z-flip6/#performance,0,1,1
https://www.samsung.com/us/smartphones/galaxy-z-fold6/#circle-to-search,0,1,1
https://www.samsung.com/us/watches/galaxy-watch7/buy/,0,1,1
https://www.samsung.com/us/smartphones/galaxy-s24-fe/#night-portrait,0,1,1
https://www.samsung.com/us/smartphones/galaxy-s24-ultra/#galaxy-ai,0,1,1
https://www.samsung.com/us/rings/galaxy-ring/#sizing,0,1,1
https://www.samsung.com/us/smartphones/galaxy-s24-fe/#design,0,1,1
https://www.samsung.com/us/smartphones/galaxy-s24-ultra/#camera,0,1,1
https://www.samsung.com/us/rings/galaxy-ring/#wellness,0,1,1
https://www.samsung.com/us/watches/galaxy-watch7/#fitness,0,1,1
https://www.samsung.com/us/smartphones/galaxy-s24-fe/#photo-assist,0,1,1
https://www.samsung.com/us/watches/galaxy-watch-ultra/buy/,0,1,1
https://news.samsung.com/us/tag/gorilla-glass-victus/,0,1,1
https://www.facebook.com/sharer.php?u=https://news.samsung.com/us/samsung-galaxy-s21-ultra-unpacked-2021-ultimate-smartphone-experience-designed-epic/,0,1,1
https://snr-2019-presskits-production.s3.amazonaws.com/samsung_galaxy_s21_ultra_the_ultimate_smartphone_experience_designed_to_be_epic_in_every_way/images/images.zip,0,1,1
http://samsung.com/samsung-care-plus,0,1,1
https://snr-2019-presskits-production.s3.amazonaws.com/samsung_galaxy_s21_ultra_the_ultimate_smartphone_experience_designed_to_be_epic_in_every_way/samsung_galaxy_s21_ultra_the_ultimate_smartphone_experience_designed_to_be_epic_in_every_way.zip,0,1,1
https://news.samsung.com/us/tag/unpacked/,0,1,1
https://www.facebook.com/samsungelectronics,0,1,1
https://news.samsung.com/us/search/?searchTerm=Bespoke AI Laundry Combo™,0,1,1
https://news.samsung.com/us/press-resources/media-library/,0,1,1
https://news.samsung.com/us/category/product/product-mobile/,0,1,1
https://news.samsung.com/us/tag/galaxy-unpacked/,0,1,1
https://news.samsung.com/us/search/?searchTerm=Galaxy AI,0,1,1
https://news.samsung.com/global/select-newsroom,0,1,1
https://news.samsung.com/us/samsung-galaxy-s21-ultra-unpacked-2021-ultimate-smartphone-experience-designed-epic/#_ftnref1,0,1,1
https://news.samsung.com/us/tag/s21-ultra/,0,1,1
https://x.com/samsungnewsus,0,1,1
https://www.linkedin.com/company/samsung-electronics-america/,0,1,1
https://news.samsung.com/us/search/?searchTerm=Galaxy Watch7,0,1,1
https://img.us.news.samsung.com/us/wp-content/uploads/2021/01/14085932/01_galaxys21ultra_design_201230022449.mp4,0,1,1
https://news.samsung.com/us/tag/s21/,0,1,1
https://news.samsung.com/us/press-resources/media-contacts/,0,1,1
https://news.samsung.com/us/samsung-in-america,0,1,1
https://news.samsung.com/us/tag/galaxy-s21/,0,1,1
https://news.samsung.com/us/category/product/product-semiconductor/,0,1,1
https://news.samsung.com/us/category/corporate/care/,0,1,1
https://img.us.news.samsung.com/us/wp-content/uploads/2021/01/14083603/Galaxy-Unpacked-b-roll-1-2021.mp4,0,1,1
https://news.samsung.com/us/category/smart-home-samsung-innovation/,0,1,1
https://news.samsung.com/us/tag/galaxy-s21-ultra/,0,1,1
https://news.samsung.com/us/search/?searchTerm=Music Frame,0,1,1
https://www.youtube.com/channel/UC27nz0bk9Alm-P20X9BLKVQ,0,1,1
https://news.samsung.com/us/tag/tm-roh/,0,1,1
https://news.samsung.com/us,0,1,1
https://img.us.news.samsung.com/us/wp-content/uploads/2021/01/14085906/06_galaxys21ultra_s_pen_201230101603.mp4,0,1,1
https://snr-2019-presskits-production.s3.amazonaws.com/samsung_galaxy_s21_ultra_the_ultimate_smartphone_experience_designed_to_be_epic_in_every_way/article.txt,0,1,1
https://img.us.news.samsung.com/us/wp-content/uploads/2021/01/14085735/04_galaxys21ultra_hands_on_201230051549.mp4,0,1,1
https://news.samsung.com/us/category/corporate/,0,1,1
https://news.samsung.com/us/category/product/product-emerging-technology/,0,1,1
https://news.samsung.com/us/category/corporate/corporate-workforce/,0,1,1
https://www.samsung.com/us/common/privacy.html,0,1,1
https://news.samsung.com/us/search/?searchTerm=Galaxy Ring,0,1,1
https://news.samsung.com/us/category/corporate/corporate-education/,0,1,1
https://news.samsung.com/us/category/product/product-home-entertainment/,0,1,1
https://www.linkedin.com/shareArticle?mini=true&url=https://news.samsung.com/us/samsung-galaxy-s21-ultra-unpacked-2021-ultimate-smartphone-experience-designed-epic/,0,1,1
https://news.samsung.com/us/category/product,0,1,1
https://news.samsung.com/us/tag/unpacked-2021/,0,1,1
http://www.samsung.com/us/promotions,0,1,1
https://news.samsung.com/us/category/product/product-enterprise/product-enterprise-display/,0,1,1
"https://twitter.com/intent/tweet?text=Samsung Galaxy S21 Ultra: The Ultimate Smartphone Experience, Designed To Be Epic In Every Way&url=https://news.samsung.com/us/samsung-galaxy-s21-ultra-unpacked-2021-ultimate-smartphone-experience-designed-epic/",0,1,1
https://news.samsung.com/us/public-affairs/,0,1,1
https://news.samsung.com/us/about/executive-bios/,0,1,1
https://news.samsung.com/us/category/product/product-computing/,0,1,1
https://news.samsung.com/us/category/product/product-home-appliances/,0,1,1
https://news.samsung.com/us/category/corporate/corporate-sustainability/,0,1,1
https://news.samsung.com/us/category/corporate/corporate-communities/,0,1,1
https://news.samsung.com/us/category/product/,0,1,1
https://www.samsung.com/in/smartphones/mobiles-by-screen-size/,0,1,1
https://www.samsung.com/in/smartphones/mobiles-by-display/,0,1,1
https://www.samsung.com/in/smartphones/mobiles-by-networks/,0,1,1
https://www.samsung.com/in/smartphones/galaxy-s24-ultra/buy/,0,1,1
https://www.samsung.com/in/smartphones/mobiles-by-camera/,0,1,1
https://www.samsung.com/in/smartphones/mobiles-by-battery-life/,0,1,1
https://www.samsung.com/in/smartphones/mobiles-by-price/,0,1,1
https://www.samsung.com/in/smartphones/galaxy-z-fold6/buy/,0,1,1
https://www.samsung.com/in/smartphones/galaxy-z-fold5/buy/,0,1,1
https://www.samsung.com/in/smartphones/mobiles-by-ram-size/,0,1,1
https://www.samsung.com/in/smartphones/mobiles-by-design/,0,1,1
https://www.samsung.com/in/smartphones/#content,0,1,1
https://www.samsung.com/in/smartphones/galaxy-z-flip6/buy/,0,1,1
https://www.samsung.com/in/watches/all-watches/,0,1,1
https://www.samsung.com/in/smartphones/all-smartphones.html,0,1,1
https://www.samsung.com/in/smartphones/galaxy-s24/buy/,0,1,1
https://www.samsung.com/in/smartphones/mobiles-by-memory-storage/,0,1,1
https://www.samsung.com/in/smartphones/all-smartphones/#content,0,1,1
https://www.cnet.com/tech/streaming-services/,0,1,1
https://www.cnet.com/tech/mobile/,0,1,1
https://www.cnet.com/profiles/trickholland/,0,1,1
https://www.cnet.com/tech/mobile/best-portable-chargers-power-banks-for-android/,0,1,1
https://www.cnet.com/tech/mobile/best-cheap-wireless-earbuds/,0,1,1
https://www.cnet.com/personal-finance/credit-cards/,0,1,1
https://www.cnet.com/tech/mobile/best-samsung-galaxy-phone/#toc-8b0ca799-9395-4787-aa6f-9ffb32b82f60-item-4,0,1,1
https://www.cnet.com/home/electric-vehicles,0,1,1
https://www.cnet.com/tech/mobile/best-power-bank-for-iphone/,0,1,1
https://www.cnet.com/tech/mobile/best-speakerphone/,0,1,1
https://www.cnet.de/,0,1,1
https://download.cnet.com/,0,1,1
https://www.cnet.com/home/internet/,0,1,1
https://www.cnet.com/tech/mobile/best-iphone/,0,1,1
https://www.cnet.com/deals/best-iphone-15-deals/,0,1,1
http://www.x.com/cnet,0,1,1
https://www.cnet.com/tech/mobile/best-samsung-galaxy-phone/#toc-8b0ca799-9395-4787-aa6f-9ffb32b82f60-item-1,0,1,1
https://www.cnet.com/tech/mobile/how-samsungs-galaxy-ai-features-stack-up-against-google-and-apple/,0,1,1
https://www.cnet.com/personal-finance/banking/,0,1,1
https://www.twitter.com/batteryhq,0,1,1
https://www.cnet.com/tech/mobile/best-smartwatch/,0,1,1
http://www.facebook.com/cnet,0,1,1
https://shop-links.co/link/?url=https%3A%2F%2Fbestbuy.7tiv.net%2Fc%2F376373%2F633495%2F10014%3Fprodsku%3D6586738%26u%3Dhttp%253A%252F%252Fwww.bestbuy.com%252Fsite%252F-%252F6586738.p%253Fcmp%253DRMX&publisher_slug=cnet&article_name=__ARTICLE_NAME__&article_url=__ARTICLE_URL__&exclusive=1&u1=[subid_value],0,1,1
https://www.cnet.com/home/kitchen-and-household/,0,1,1
https://www.cnet.com/tech/computing/,0,1,1
https://www.cnet.com/deals/best-galaxy-s24-deals/,0,1,1
https://assoc-redirect.amazon.com/g/r/https://www.amazon.com/dp/B0CMDWC436/ref=asc_df_B0CMDWC4361728298800000?tag=cnet-ce-20&creative=395261&creativeASIN=B0CMDWC436&linkCode=asn,0,1,1
https://www.cnet.com/personal-finance/taxes/,0,1,1
https://www.cnet.com/profiles/leadicicco/,0,1,1
https://shop-links.co/link/?url=https%3A%2F%2Fwww.samsung.com%2Fus%2Fsmartphones%2Fgalaxy-a15%2Fbuy%2Fgalaxy-a15-5g-128gb-unlocked-sm-a156uzkdxaa%2F&publisher_slug=cnet&article_name=__ARTICLE_NAME__&article_url=__ARTICLE_URL__&exclusive=1&u1=[subid_value],0,1,1
https://www.cnet.com/tech/mobile/best-verizon-plans/,0,1,1
https://www.cnet.com/tech/mobile/best-android-phone/,0,1,1
https://www.cnet.com/tech/,0,1,1
https://www.cnet.com/best-products/,0,1,1
https://www.amazon.com/SAMSUNG-Smartphone-Handsfree-Interpreter-Manufacturer/dp/B0D18T21R2/ref=sr_1_1?tag=cnet-buy-button-20,0,1,1
https://www.cnet.com/tech/mobile/best-travel-phone-plan/,0,1,1
https://www.cnetfrance.fr/,0,1,1
https://www.cnet.com/reviews/,0,1,1
https://www.cnet.com/video/,0,1,1
https://www.cnet.com/tech/mobile/galaxy-s24-and-s24-plus-review-samsung-thank-you-for-prioritizing-battery-life/,0,1,1
http://www.flipboard.com/@cnet,0,1,1
https://www.cnet.com/tech/mobile/apple-watch-series-8-vs-series-7-a-quick-look-at-their-differences/,0,1,1
https://www.cnet.com/tech/gaming/,0,1,1
https://www.cnet.com/health/personal-care/,0,1,1
https://www.ziffdavis.com/terms-of-use,0,1,1
https://www.cnet.com/tech/mobile/best-headphones/,0,1,1
https://tmobile.prf.hn/click/camref:1100l3XZFI/pubref:subid_value/destination:https%3A%2F%2Fwww.t-mobile.com%2Fcell-phone%2Fsamsung-galaxy-s23-fe%3Fsku%3D610214679543,0,1,1
https://www.cnet.com/tech/mobile/best-noise-canceling-headphones/,0,1,1
https://assoc-redirect.amazon.com/g/r/https://www.amazon.com/dp/B0CMDR2X3M/ref=asc_df_B0CMDR2X3M1728298800000?tag=cnet-ce-20&creative=395261&creativeASIN=B0CMDR2X3M&linkCode=asn,0,1,1
https://shop-links.co/link/?url=https%3A%2F%2Fwww.bestbuy.com%2Fsite%2Fsamsung-galaxy-s23-fe-128gb-unlocked-graphite%2F6561223.p%3FskuId%3D6561223&publisher_slug=cnet&article_name=__ARTICLE_NAME__&article_url=__ARTICLE_URL__&exclusive=1&u1=subid_value,0,1,1
https://www.cnet.com/tech/mobile/best-iphone-13-usb-c-fast-charger/,0,1,1
https://www.cnet.com/health/nutrition/,0,1,1
https://www.cnet.com/health/,0,1,1
https://www.tiktok.com/@cnetdotcom?lang=en,0,1,1
https://www.cnet.com/tech/mobile/best-sounding-wireless-earbuds/,0,1,1
https://www.cnet.com/tech/mobile/best-phones-under-500/,0,1,1
https://www.cnet.com/tech/mobile/best-samsung-galaxy-phone/#toc-8b0ca799-9395-4787-aa6f-9ffb32b82f60-item-3,0,1,1
https://shop-links.co/link/?url=https%3A%2F%2Fwww.samsung.com%2Fus%2Fsmartphones%2Fgalaxy-s24%2Fbuy%2Fgalaxy-s24-128gb-unlocked-sm-s921uzyaxaa%2F&publisher_slug=cnet&article_name=__ARTICLE_NAME__&article_url=__ARTICLE_URL__&exclusive=1&u1=[subid_value],0,1,1
https://www.cnet.com/tech/mobile/best-cheap-phone-plans/,0,1,1
https://www.cnet.com/tech/mobile/best-samsung-galaxy-phone/#toc-8b0ca799-9395-4787-aa6f-9ffb32b82f60-item-5,0,1,1
https://www.cnet.com/home/smart-home/,0,1,1
https://www.cnet.com/tech/mobile/best-phone-plans/,0,1,1
https://redventures.slack.com/archives/C01EFBKH1N2/p1724455865633859,0,1,1
https://www.cnet.com/tech/mobile/best-wireless-headphones/,0,1,1
https://japan.cnet.com/,0,1,1
https://www.cnet.com/editorial-process/,0,1,1
https://www.cnet.com/deals/,0,1,1
https://www.cnet.com/tech/mobile/best-unlimited-data-plans/,0,1,1
https://www.cnet.com/tech/mobile/samsung-galaxy-s23-fe-review-flagship-essentials-for-600/,0,1,1
https://www.cnet.com/tech/mobile/samsungs-galaxy-s24-and-s24-plus-have-new-ai-perks-bigger-batteries-and-brighter-screens/,0,1,1
https://www.cnet.com/tech/mobile/pixel-8-pro-review-not-the-google-phone-i-hoped-for/,0,1,1
https://www.cnet.com/tech/mobile/best-over-ear-headphones/,0,1,1
https://careers.redventures.com/,0,1,1
https://www.cnet.com/tech/home-entertainment/,0,1,1
https://www.cnet.com/tech/best-prime-day-sales-2024-10-04/,0,1,1
https://www.cnet.com/tech/mobile/best-iphone-15-and-iphone-15-pro-cases/,0,1,1
https://www.cnet.com/about/,0,1,1
https://www.cnet.com/tech/mobile/how-cnet-tests-phones/,0,1,1
https://www.cnet.com/press-room/,0,1,1
https://www.cnet.com/tech/mobile/best-wireless-earbuds/,0,1,1
https://coupons.cnet.com/,0,1,1
https://www.cnet.com/deals/best-iphone-deals/,0,1,1
https://www.cnet.com/tech/mobile/best-wireless-earbuds-and-bluetooth-headphones-for-making-calls/,0,1,1
https://shop-links.co/link/?url=https%3A%2F%2Fwww.samsung.com%2Fus%2Fsmartphones%2Fgalaxy-z-flip6%2Fbuy%2Fgalaxy-z-flip6-512gb-unlocked-sm-f741uzsexaa&publisher_slug=cnet&article_name=__ARTICLE_NAME__&article_url=__ARTICLE_URL__&exclusive=1&u1=[subid_value],0,1,1
https://www.cnet.com/tech/mobile/best-phone/,0,1,1
https://www.ziffdavis.com/ztg-privacy-policy,0,1,1
https://shop-links.co/link/?url=https%3A%2F%2Fwww.samsung.com%2Fus%2Fsmartphones%2Fgalaxy-s24%2Fbuy%2Fgalaxy-s24-plus-256gb-unlocked-sm-s926uzvaxaa%2F&publisher_slug=cnet&article_name=__ARTICLE_NAME__&article_url=__ARTICLE_URL__&exclusive=1&u1=[subid_value],0,1,1
https://www.cnet.com/tech/mobile/best-foldable-phones/,0,1,1
https://shop-links.co/link/?url=https%3A%2F%2Fwww.bestbuy.com%2Fsite%2Fsamsung-galaxy-z-fold6-256gb-unlocked-navy%2F6586742.p%3FskuId%3D6586742&publisher_slug=cnet&article_name=__ARTICLE_NAME__&article_url=__ARTICLE_URL__&exclusive=1&u1=subid_value,0,1,1
https://www.cnet.com/tech/mobile/best-family-phone-plan/,0,1,1
https://www.cnet.com/personal-finance/,0,1,1
https://www.twitter.com/https://twitter.com/trickholland,0,1,1
https://shop-links.co/link/?url=https%3A%2F%2Fbestbuy.7tiv.net%2Fc%2F376373%2F633495%2F10014%3Fprodsku%3D6569030%26u%3Dhttp%253A%252F%252Fwww.bestbuy.com%252Fsite%252F-%252F6569030.p%253Fcmp%253DRMX&publisher_slug=cnet&article_name=__ARTICLE_NAME__&article_url=__ARTICLE_URL__&exclusive=1&u1=[subid_value],0,1,1
https://www.cnet.com/tech/mobile/apple-watch-ultra-review-most-exciting-watch-smartwatch-in-years/,0,1,1
https://www.cnet.com/tech/mobile/galaxy-z-flip-6-review-the-aha-moment-that-sold-me-until-i-saw-the-price/,0,1,1
https://cnet.zendesk.com/hc/en-us,0,1,1
https://shop-links.co/link/?url=https%3A%2F%2Fwww.samsung.com%2Fus%2Fsmartphones%2Fgalaxy-z-fold6%2Fbuy%2Fgalaxy-z-fold6-256gb-unlocked-sm-f956uakaxaa%2F&publisher_slug=cnet&article_name=__ARTICLE_NAME__&article_url=__ARTICLE_URL__&exclusive=1&u1=subid_value,0,1,1
https://www.cnet.com/tech/mobile/before-splurging-on-a-new-iphone-or-android-consider-these-things/,0,1,1
https://shop-links.co/link/?url=https%3A%2F%2Fbestbuy.7tiv.net%2Fc%2F376373%2F633495%2F10014%3Fprodsku%3D6570300%26u%3Dhttp%253A%252F%252Fwww.bestbuy.com%252Fsite%252F-%252F6570300.p%253Fcmp%253DRMX&publisher_slug=cnet&article_name=__ARTICLE_NAME__&article_url=__ARTICLE_URL__&exclusive=1&u1=[subid_value],0,1,1
https://www.cnet.com/tech/mobile/samsung-galaxy-z-fold-6-review-steps-forward-and-backward/,0,1,1
https://www.cnet.com/home/security/,0,1,1
https://www.cnet.com/tech/mobile/best-prepaid-phone-plans/,0,1,1
https://www.cnet.com/feature/cover-stories,0,1,1
https://www.cnet.com/personal-finance/mortgages/,0,1,1
https://assoc-redirect.amazon.com/g/r/https://www.amazon.com/dp/B0CNQCZHFS/ref=asc_df_B0CNQCZHFS1728212400000?tag=cnet-ce-20&creative=395261&creativeASIN=B0CNQCZHFS&linkCode=asn,0,1,1
https://www.cnet.com/personal-finance/home-equity/,0,1,1
https://www.cnet.com/videos/,0,1,1
https://www.cnet.com/tech/mobile/best-samsung-galaxy-phone/#toc-8b0ca799-9395-4787-aa6f-9ffb32b82f60-item-0,0,1,1
https://www.cnet.com/health/fitness/,0,1,1
https://www.cnet.com/tech/mobile/best-wireless-car-charger-and-mount/,0,1,1
https://www.cnet.com/home/yard-and-outdoors/,0,1,1
https://info.wrightsmedia.com/cnet-licensing,0,1,1
https://www.cnet.com/gifts/,0,1,1
https://www.cnet.com/tech/mobile/best-android-smartwatch/,0,1,1
https://www.cnet.com/newsletters/,0,1,1
https://www.cnet.co.kr/,0,1,1
https://www.cnet.com/tech/mobile/best-apple-watch-bands/,0,1,1
https://www.cnet.com/tech/services-and-software/,0,1,1
https://www.cnet.com/home/,0,1,1
https://www.cnet.com/tech/mobile/oneplus-open-review-sleek-hardware-isnt-enough-to-take-on-samsung/,0,1,1
https://www.cnet.com/tech/mobile/samsung-galaxy-z-fold-5-review-refined-not-redefined/,0,1,1
https://www.cnet.com/tech/mobile/best-senior-phone-plans/,0,1,1
https://www.cnet.com/tech/mobile/best-noise-canceling-wireless-earbuds/,0,1,1
https://www.instagram.com/cnet/,0,1,1
https://www.youtube.com/user/CNETTV/,0,1,1
https://www.cnet.com/tech/mobile/best-headphones-for-work-at-home/,0,1,1
https://www.cnet.com/cnet-voices/,0,1,1
https://www.cnet.com/personal-finance/credit-cards/reviews/amazon-prime-rewards-visa-signature-card/,0,1,1
https://www.cnet.com/deals/best-galaxy-z-fold-4-deals/,0,1,1
https://shop-links.co/link/?url=https%3A%2F%2Fbestbuy.7tiv.net%2Fc%2F376373%2F633495%2F10014%3Fprodsku%3D6570269%26u%3Dhttp%253A%252F%252Fwww.bestbuy.com%252Fsite%252F-%252F6570269.p%253Fcmp%253DRMX&publisher_slug=cnet&article_name=__ARTICLE_NAME__&article_url=__ARTICLE_URL__&exclusive=1&u1=[subid_value],0,1,1
https://shop-links.co/link/?url=https%3A%2F%2Fwww.samsung.com%2Fus%2Fsmartphones%2Fgalaxy-s23-fe%2Fbuy%2Fgalaxy-s23-fe-128gb-unlocked-sm-s711ulgaxaa%2F%3FmodelCode%3DSM-S711ULGAXAA&publisher_slug=cnet&article_name=__ARTICLE_NAME__&article_url=__ARTICLE_URL__&exclusive=1&u1=subid_value,0,1,1
https://www.cnet.com/sitemaps/,0,1,1
https://www.cnet.com/editors-choice/,0,1,1
https://www.cnet.com/tech/mobile/apple-iphone-15-pro-and-15-pro-max-review-love-at-first-zoom/,0,1,1
https://www.twitter.com/LisaEadicicco,0,1,1
https://www.cnet.com/home/energy-and-utilities/,0,1,1
https://www.cnet.com/,0,1,1
https://www.cnet.com/tech/mobile/best-iphone-14-cases/,0,1,1
https://www.cnet.com/profiles/ahoyle/,0,1,1
https://www.cnet.com/deals/best-phone-plan-deals/,0,1,1
https://www.cnet.com/tech/vpn/,0,1,1
https://www.cnet.com/tech/mobile/best-samsung-galaxy-phone/#toc-8b0ca799-9395-4787-aa6f-9ffb32b82f60-item-2,0,1,1
https://www.cnet.com/tech/mobile/oneplus-12-review-a-powerhouse-flagship-with-one-key-flaw/,0,1,1
https://www.cnet.com/tech/mobile/dont-drop-your-old-pixel-for-pixel-7-before-reading-our-comparison/,0,1,1
https://www.cnet.com/health/sleep/,0,1,1
https://assoc-redirect.amazon.com/g/r/https://www.amazon.com/dp/B0D3JGQTR7/ref=asc_df_B0D3JGQTR71728298800000?tag=cnet_mp-ce-20&creative=395261&creativeASIN=B0D3JGQTR7&linkCode=asn,0,1,1
https://shop-links.co/link/?url=https%3A%2F%2Fbestbuy.7tiv.net%2Fc%2F376373%2F633495%2F10014%3Fprodsku%3D6570290%26u%3Dhttp%253A%252F%252Fwww.bestbuy.com%252Fsite%252F-%252F6570290.p%253Fcmp%253DRMX&publisher_slug=cnet&article_name=__ARTICLE_NAME__&article_url=__ARTICLE_URL__&exclusive=1&u1=[subid_value],0,1,1
https://www.cnet.com/tech/mobile/best-airpods-pro-accessories/,0,1,1
https://www.cnet.com/tech/mobile/best-samsung-galaxy-phone/#toc-8b0ca799-9395-4787-aa6f-9ffb32b82f60-item-6,0,1,1
https://www.cnet.com/tech/mobile/best-magsafe-and-magnetic-iphone-accessories/,0,1,1
https://www.cnet.com/shopping/,0,1,1
https://www.cnet.com/tech/mobile/samsung-galaxy-s24-ultra-review-smarter-faster-pricier/,0,1,1
https://shop-links.co/link/?url=https%3A%2F%2Fwww.samsung.com%2Fus%2Fsmartphones%2Fgalaxy-s24-ultra%2Fbuy%2Fgalaxy-s24-ultra-512gb-unlocked-sm-s928uztfxaa%2F&publisher_slug=cnet&article_name=__ARTICLE_NAME__&article_url=__ARTICLE_URL__&exclusive=1&u1=[subid_value],0,1,1
https://www.cnet.com/ai-atlas/,0,1,1
https://semiconductor.samsung.com/power-ic/mobile-power-ic/,0,1,1
https://semiconductor.samsung.com/about-us/,0,1,1
https://semiconductor.samsung.com/sustainability/environment/climate-action/,0,1,1
https://semiconductor.samsung.com/foundry/process-technology/logic-node/,0,1,1
https://semiconductor.samsung.com/about-us/business-area/,0,1,1
https://x.com/samsungdsglobal,0,1,1
https://semiconductor.samsung.com/consumer-storage/portable-ssd/,0,1,1
https://semiconductor.samsung.com/sustainability/labor-human-right/,0,1,1
https://semiconductor.samsung.com/sustainability/corporate-citizenship/,0,1,1
https://semiconductor.samsung.com/ssd/enterprise-ssd/,0,1,1
https://semiconductor.samsung.com/mcp/,0,1,1
https://semiconductor.samsung.com/consumer-storage/support/documents/,0,1,1
https://semiconductor.samsung.com/foundry/about-samsung-foundry/quality-policy/,0,1,1
https://semiconductor.samsung.com/foundry/,0,1,1
https://www.samsung.com/led,0,1,1
https://semiconductor.samsung.com/ssir/,0,1,1
https://semiconductor.samsung.com/ssd/automotive-ssd/,0,1,1
https://semiconductor.samsung.com/technologies/image-sensor/ultra-high-resolution/,0,1,1
https://semiconductor.samsung.com/ssd/smart-ssd/,0,1,1
https://semiconductor.samsung.com/dram/gddr/,0,1,1
https://semiconductor.samsung.com/about-us/our-story/,0,1,1
https://semiconductor.samsung.com/consumer-storage/support/tools/,0,1,1
https://semiconductor.samsung.com/technologies/partner-collaboration/memory/,0,1,1
https://semiconductor.samsung.com/technologies/processor/on-device-ai/,0,1,1
https://semiconductor.samsung.com/sustainability/highlights/introduction/,0,1,1
https://semiconductor.samsung.com/foundry/tech-archives/gaa/,0,1,1
https://semiconductor.samsung.com/power-ic/,0,1,1
https://semiconductor.samsung.com/events/safe-forum/,0,1,1
https://semiconductor.samsung.com/foundry/application-specific-service/automotive/,0,1,1
https://semiconductor.samsung.com/sustainability/labor-human-rights/staying-healthy/,0,1,1
https://semiconductor.samsung.com/foundry/application-specific-service/,0,1,1
https://www.samsung.com/uk/about-us/ethics/,0,1,1
https://semiconductor.samsung.com/foundry/about-samsung-foundry/company-info/,0,1,1
https://semiconductor.samsung.com/foundry/manufacturing/fab-automation/,0,1,1
https://semiconductor.samsung.com/news-events/news/,0,1,1
https://semiconductor.samsung.com/jp/event/foundry-events-2022/,0,1,1
https://www.samsungfoundry.com/,0,1,1
https://samsung.com,0,1,1
https://semiconductor.samsung.com/support/tools-resources/dictionary/,0,1,1
https://semiconductor.samsung.com/consumer-storage/internal-ssd/,0,1,1
https://semiconductor.samsung.com/processor/showcase/smartphone/#none,0,1,1
https://semiconductor.samsung.com/ssd/datacenter-ssd/,0,1,1
https://semiconductor.samsung.com/foundry/safe/,0,1,1
https://semiconductor.samsung.com/sustainability/labor-human-rights/diversity-inclusion/,0,1,1
https://semiconductor.samsung.com/foundry/foundry-events/,0,1,1
https://semiconductor.samsung.com/foundry/advanced-package/advanced-heterogeneous-integration/,0,1,1
https://semiconductor.samsung.com/sustainability/environment/reduce-and-reuse/,0,1,1
https://semiconductor.samsung.com/estorage/,0,1,1
https://semiconductor.samsung.com/cn/,0,1,1
https://semiconductor.samsung.com/security-solution/iot-se/,0,1,1
https://semiconductor.samsung.com/global/ssir/,0,1,1
https://semiconductor.samsung.com/sustainability/sustainable-supply-chain/environmentally-responsible-supply-chain/,0,1,1
https://semiconductor.samsung.com/news-events/tech-blog/,0,1,1
https://semiconductor.samsung.com/foundry/manufacturing/mpw-service/,0,1,1
https://semiconductor.samsung.com/foundry/foundry-events/partner/,0,1,1
https://www.samsungfoundry.com/B2B_COM_Landing?page=b2bComProcPrvwAppCategory,0,1,1
https://semiconductor.samsung.com/applications/pc-gaming/,0,1,1
https://semiconductor.samsung.com/applications/ai/,0,1,1
https://semiconductor.samsung.com/processor/showcase/smartwatch/,0,1,1
https://semiconductor.samsung.com/sustainability/sustainable-supply-chain/,0,1,1
https://semiconductor.samsung.com/display-ic/,0,1,1
https://semiconductor.samsung.com/sustainability/labor-human-rights/safety-first/,0,1,1
https://semiconductor.samsung.com/power-ic/accessory-power-ic/,0,1,1
https://semiconductor.samsung.com/foundry/tech-archives/,0,1,1
https://semiconductor.samsung.com/legal/,0,1,1
https://semiconductor.samsung.com/support/,0,1,1
https://semiconductor.samsung.com/technologies/image-sensor/pixel-technology/,0,1,1
https://semiconductor.samsung.com/display-ic/panel-ddi/,0,1,1
https://semiconductor.samsung.com/consumer-storage/ssdupgrade/,0,1,1
https://semiconductor.samsung.com/support/tools-resources/fabrication-process/,0,1,1
https://semiconductor.samsung.com/sustainability/highlights/business-continuity/,0,1,1
https://www.facebook.com/samsungsemiconductor,0,1,1
https://semiconductor.samsung.com/support/quality-support/quality-management/,0,1,1
https://semiconductor.samsung.com/applications/lifestyle/,0,1,1
https://semiconductor.samsung.com/image-sensor/,0,1,1
https://semiconductor.samsung.com/image-sensor/tof-sensor/,0,1,1
https://b2b.samsungsemi.com/b2b/identity/anonymous/loginPage2.do?_frameF=true,0,1,1
https://semiconductor.samsung.com/security-solution/ese-esim/,0,1,1
https://semiconductor.samsung.com/applications/5g-connectivity/,0,1,1
https://semiconductor.samsung.com/event/foundry-events-2022/,0,1,1
https://semiconductor.samsung.com/foundry/manufacturing/sustainable-manufacturing/,0,1,1
https://semiconductor.samsung.com/foundry/tech-archives/multi-die-integration/,0,1,1
https://semiconductor.samsung.com/about-us/careers/,0,1,1
https://semiconductor.samsung.com/dram/,0,1,1
https://semiconductor.samsung.com/jp/,0,1,1
https://semiconductor.samsung.com/privacy/,0,1,1
https://semiconductor.samsung.com/consumer-storage/magician/,0,1,1
https://semiconductor.samsung.com/support/quality-support/customer-service/,0,1,1
https://semiconductor.samsung.com/sustainability/corporate-citizenship/community-engagement/,0,1,1
https://semiconductor.samsung.com/foundry/process-technology/specialty-technology/,0,1,1
https://semiconductor.samsung.com/processor/mobile-processor/,0,1,1
https://semiconductor.samsung.com/security-solution/biometric-card/,0,1,1
https://semiconductor.samsung.com/processor/automotive-processor/,0,1,1
https://semiconductor.samsung.com/image-sensor/mobile-image-sensor/,0,1,1
https://semiconductor.samsung.com/foundry/safe/mdi-alliance/,0,1,1
https://semiconductor.samsung.com/consumer-storage/gaming-storage/,0,1,1
https://semiconductor.samsung.com/security-solution/,0,1,1
https://semiconductor.samsung.com/power-ic/memory-power-ic/,0,1,1
https://semiconductor.samsung.com/sustainability/highlights/,0,1,1
https://semiconductor.samsung.com/events/samsung-foundry-forum/,0,1,1
https://semiconductor.samsung.com/consumer-storage/,0,1,1
https://semiconductor.samsung.com/dram/lpddr/,0,1,1
https://semiconductor.samsung.com/cookie-policy/,0,1,1
https://semiconductor.samsung.com/foundry/advanced-package/package-turnkey-service/,0,1,1
https://semiconductor.samsung.com/us/,0,1,1
https://semiconductor.samsung.com/display-ic/mobile-ddi/,0,1,1
https://semiconductor.samsung.com/support/tools-resources/product-finder/,0,1,1
https://semiconductor.samsung.com/foundry/advanced-package/,0,1,1
https://semiconductor.samsung.com/ssd/,0,1,1
https://semiconductor.samsung.com/next-gen-memory/cmm-d/,0,1,1
https://semiconductor.samsung.com/sustainability/environment/green-chip/,0,1,1
https://semiconductor.samsung.com/about-us/locations/,0,1,1
https://semiconductor.samsung.com/ssd/pc-ssd/,0,1,1
https://semiconductor.samsung.com/foundry/process-technology/,0,1,1
https://semiconductor.samsung.com/accessibility/,0,1,1
https://semiconductor.samsung.com/about-us/executive/,0,1,1
https://semiconductor.samsung.com/technologies/processor/mobile-ray-tracing/,0,1,1
https://semiconductor.samsung.com/foundry/tech-archives/euv/,0,1,1
https://semiconductor.samsung.com/processor/,0,1,1
https://semiconductor.samsung.com/sitemap/,0,1,1
https://semiconductor.samsung.com/support/tools-resources/technical-resources/,0,1,1
https://semiconductor.samsung.com/estorage/emmc/,0,1,1
https://www.instagram.com/samsungsemiconductor/,0,1,1
https://semiconductor.samsung.com/sustainability/highlights/faqs/,0,1,1
https://semiconductor.samsung.com/dram/ddr/,0,1,1
https://semiconductor.samsung.com/image-sensor/automotive-image-sensor/,0,1,1
https://www.samsung.com/global/sustainability/people/human-rights/,0,1,1
https://semiconductor.samsung.com/dram/hbm/,0,1,1
https://semiconductor.samsung.com/consumer-storage/support/faqs/01/,0,1,1
https://www.linkedin.com/company/samsungsemiconductor,0,1,1
https://semiconductor.samsung.com/processor/rf/,0,1,1
https://semiconductor.samsung.com/sustainability/labor-human-rights/talent-development/,0,1,1
https://semiconductor.samsung.com/consumer-storage/memory-card/,0,1,1
https://semiconductor.samsung.com/consumer-storage/support/warranty/,0,1,1
https://semiconductor.samsung.com/sustainability/highlights/downloads/,0,1,1
https://semiconductor.samsung.com/image-sensor/global-shutter-image-sensor/,0,1,1
https://semiconductor.samsung.com/sustainability/sustainable-supply-chain/partner-collaboration/,0,1,1
https://semiconductor.samsung.com/sustainability/environment/preserving-nature/,0,1,1
https://semiconductor.samsung.com/foundry/manufacturing/manufacturing-sites/,0,1,1
https://semiconductor.samsung.com/foundry/application-specific-service/connectivity/,0,1,1
https://semiconductor.samsung.com/about-us/history/,0,1,1
https://semiconductor.samsung.com/emea/event/foundry-events-2022/,0,1,1
https://semiconductor.samsung.com/estorage/ufs/,0,1,1
https://semiconductor.samsung.com/cn/event/foundry-events-2022/,0,1,1
https://semiconductor.samsung.com/consumer-storage/support/faqs/,0,1,1
https://semiconductor.samsung.com/support/tools-resources/ds-open-ecosystem/,0,1,1
https://semiconductor.samsung.com/sustainability/corporate-citizenship/employee-giving/,0,1,1
https://led.samsung.com/,0,1,1
https://semiconductor.samsung.com/foundry/safe/eda/,0,1,1
https://semiconductor.samsung.com/,0,1,1
https://semiconductor.samsung.com/foundry/safe/ip/,0,1,1
https://semiconductor.samsung.com/foundry/manufacturing/,0,1,1
https://semiconductor.samsung.com/sustainability/sustainable-supply-chain/responsible-supply-chain/,0,1,1
https://semiconductor.samsung.com/foundry/safe/cloud/,0,1,1
https://semiconductor.samsung.com/applications/automotive/,0,1,1
https://semiconductor.samsung.com/security-solution/nfc/,0,1,1
https://semiconductor.samsung.com/foundry/safe/design-service/,0,1,1
https://semiconductor.samsung.com/us/sas/,0,1,1
https://semiconductor.samsung.com/consumer-storage/usb-flash-drive/,0,1,1
https://semiconductor.samsung.com/sustainability/labor-human-rights/,0,1,1
https://semiconductor.samsung.com/support/quality-support/regulatory-information/,0,1,1
https://stackoverflow.com/users/login?ssrc=head&returnurl=https%3a%2f%2fmeta.stackoverflow.com%2fquestions%2f401413%2fhow-can-i-type-backticks-on-my-samsung-smartphone-which-are-needed-for-inline-c,0,1,1
https://apple.stackexchange.com/questions/475926/access-clipboard-contents-from-the-command-line,0,1,1
https://security.stackexchange.com/questions/279046/is-letsencrypt-activity-public,0,1,1
https://meta.stackoverflow.com/contact,0,1,1
https://i.sstatic.net/F0F54m.jpg,0,1,1
https://data.stackexchange.com/,0,1,1
https://meta.stackoverflow.com/questions,0,1,1
https://meta.stackoverflow.com/users/6296561/zoe-save-the-data-dump,0,1,1
https://meta.stackoverflow.com/questions/tagged/support,0,1,1
https://meta.stackoverflow.com/tour,0,1,1
https://scifi.stackexchange.com/questions/292123/manga-large-tower-dungeon-climb-battle-defeating-each-level-mc-has-a-cheat-he,0,1,1
http://meta.stackoverflow.com/users/signup?ssrc=site_switcher&returnurl=https%3a%2f%2fmeta.stackoverflow.com%2fquestions%2f401413%2fhow-can-i-type-backticks-on-my-samsung-smartphone-which-are-needed-for-inline-c,0,1,1
https://askubuntu.com/questions/1529284/snap-is-throwing-an-authorization-exception,0,1,1
https://stackoverflow.co/company/press/,0,1,1
https://meta.stackoverflow.com/questions/ask,0,1,1
https://meta.stackoverflow.com/users/215552/heretic-monkey,0,1,1
https://meta.stackoverflow.com/questions/313517/request-for-mod-action-against-a-user-making-lots-of-harmful-backticking-edits,0,1,1
https://meta.stackoverflow.com/users/login?ssrc=question_page&returnurl=https%3a%2f%2fmeta.stackoverflow.com%2fquestions%2f401413,0,1,1
https://meta.stackoverflow.com/q/256333,0,1,1
https://meta.stackoverflow.com/users/4279155/dominique,0,1,1
https://meta.stackoverflow.com/users/2850651/mike-m,0,1,1
https://meta.stackoverflow.com/users/7496073/john-montgomery,0,1,1
https://meta.stackoverflow.com/questions/401413/how-can-i-type-backticks-on-my-samsung-smartphone-which-are-needed-for-inline-c?lastactivity,0,1,1
https://stackoverflow.co/teams/,0,1,1
https://meta.stackoverflow.com/help?mnu=1,0,1,1
https://stackoverflow.co/company/work-here/,0,1,1
https://electronics.stackexchange.com/questions/727260/horowitz-third-edition-figure-2-10-whys,0,1,1
http://stackoverflow.com,0,1,1
https://judaism.stackexchange.com/questions/145254/why-does-only-the-septuagint-have-cainan-in-the-genealogy-in-genesis-10-and-11,0,1,1
https://i.sstatic.net/Z7wVsm.jpg,0,1,1
https://en.wikipedia.org/wiki/Gboard,0,1,1
https://i.sstatic.net/sGj9pm.jpg,0,1,1
https://meta.stackoverflow.com/users/8967612/41686d6564,0,1,1
https://www.facebook.com/officialstackoverflow/,0,1,1
https://tex.stackexchange.com/questions/728095/bad-interaction-between-left-and-beginarrayb,0,1,1
https://stackoverflow.blog/2024/10/04/develop-software-with-ai-prompt-engineering-code-generation/,0,1,1
https://stackexchange.com/sites#science,0,1,1
https://stackoverflow.co/,0,1,1
https://meta.stackoverflow.com/,0,1,1
https://meta.stackoverflow.com/posts/401414/timeline,0,1,1
https://stackoverflow.co/teams/?utm_medium=referral&utm_source=stackoverflowmeta-community&utm_campaign=side-bar&utm_content=explore-teams-compact,0,1,1
https://politics.stackexchange.com/questions/89348/what-is-netanyahus-exit-strategy-from-the-war-in-gaza-and-lebanon-and-a-potent,0,1,1
https://meta.stackoverflow.com/tags,0,1,1
https://stackoverflow.com,0,1,1
https://www.instagram.com/thestackoverflow,0,1,1
https://linkedin.com/company/stack-overflow,0,1,1
https://meta.stackoverflow.com/feeds/question/401413,0,1,1
https://stackoverflow.co/teams/ai/?utm_medium=referral&utm_source=stackoverflowmeta-community&utm_campaign=side-bar&utm_content=overflowai-learn-more,0,1,1
https://meta.stackoverflow.com/a/401424,0,1,1
https://meta.stackoverflow.com/posts/401414/revisions,0,1,1
https://chat.stackoverflow.com/,0,1,1
https://chat.stackoverflow.com/?tab=site&host=stackoverflow.com,0,1,1
https://stackoverflow.com/legal/cookie-policy,0,1,1
https://meta.stackoverflow.com/q/382469,0,1,1
https://stackexchange.com/sites#business,0,1,1
https://meta.stackoverflow.com/questions/431696/feedback-requested-how-do-you-use-the-tagged-questions-page,0,1,1
https://meta.stackoverflow.com/q/254976,0,1,1
https://meta.stackoverflow.com/users,0,1,1
https://meta.stackoverflow.com/questions/tagged/code-formatting,0,1,1
https://meta.stackoverflow.com/users/63550/peter-mortensen,0,1,1
https://physics.stackexchange.com/questions/830301/do-muons-and-antimuons-have-different-penetration-depth-in-matters,0,1,1
https://meta.stackoverflow.com/questions/431770/proposed-designs-to-update-the-homepage-for-logged-in-users,0,1,1
https://meta.stackoverflow.com/questions/256333/how-should-we-handle-edits-adding-unnecessary-inline-code-formatting,0,1,1
https://meta.stackoverflow.com/a/401414,0,1,1
https://politics.stackexchange.com/questions/89335/what-is-irans-long-term-objective-in-the-middle-east,0,1,1
https://stackexchange.com/questions?tab=hot,0,1,1
https://stackoverflow.com/legal/terms-of-service/public,0,1,1
https://stackoverflow.co/advertising/employer-branding/?utm_medium=referral&utm_source=stackoverflowmeta-community&utm_campaign=footer&utm_content=talent,0,1,1
https://stackoverflow.com/help/licensing,0,1,1
https://stackexchange.com/sites#lifearts,0,1,1
https://meta.stackoverflow.com/users/366904/cody-gray,0,1,1
https://stackexchange.com/sites#professional,0,1,1
https://stackexchange.com/sites#culturerecreation,0,1,1
https://meta.stackoverflow.com/users/2571021/dijkgraaf,0,1,1
https://meta.stackoverflow.com/users/3270037/nick-is-tired,0,1,1
https://meta.stackoverflow.com/posts/401413/timeline,0,1,1
https://cs.stackexchange.com/questions/169937/diagonalisation-in-the-proof-of-undecidability-of-the-acceptance-problem-for-tur,0,1,1
https://retrocomputing.stackexchange.com/questions/30712/how-to-remove-the-dual-bios-logo-from-the-ga-g31m-es2l-boot-screen,0,1,1
https://meta.stackoverflow.com/questions/265887/why-are-inline-code-spans-across-multiple-lines-allowed,0,1,1
https://stackoverflow.blog/2024/10/08/think-you-don-t-need-observability-think-again/,0,1,1
https://stackoverflow.blog,0,1,1
https://bicycles.stackexchange.com/questions/95592/square-taper-bottom-bracket-lock-ring-grease-loctite-or-both,0,1,1
https://stackoverflow.blog?blb=1,0,1,1
https://meta.stackoverflow.com/help/whats-meta,0,1,1
https://meta.stackoverflow.com/q/265887,0,1,1
https://diy.stackexchange.com/questions/308185/what-is-the-end-of-a-circuit-according-to-the-nec,0,1,1
https://stackoverflow.com/legal/privacy-policy,0,1,1
https://meta.stackoverflow.com/questions/382469/are-backticks-appropriate-for-emphasizing-references-to-things-that-show-up-in-c,0,1,1
https://chinese.stackexchange.com/questions/59086/can-i-use-%e7%bb%99-for-inanimate-objects,0,1,1
https://stackoverflow.co/advertising/?utm_medium=referral&utm_source=stackoverflowmeta-community&utm_campaign=footer&utm_content=advertising,0,1,1
https://mathoverflow.net/questions/480255/when-is-product-of-polynomial-and-power-series-a-polynomial,0,1,1
https://meta.stackoverflow.com/users/828193/user000001,0,1,1
https://meta.stackoverflow.com/q/313517,0,1,1
https://stackoverflow.co/teams/?utm_medium=referral&utm_source=stackoverflowmeta-community&utm_campaign=side-bar&utm_content=explore-teams,0,1,1
https://meta.stackoverflow.com/questions/401413/how-can-i-type-backticks-on-my-samsung-smartphone-which-are-needed-for-inline-c#content,0,1,1
https://meta.stackoverflow.com/posts/401424/timeline,0,1,1
https://worldbuilding.stackexchange.com/questions/262232/would-it-be-possible-for-a-planet-to-have-only-one-lifeform,0,1,1
https://tex.stackexchange.com/questions/728120/remove-the-second-line-in-a-double-vline-to-replace-it-with-text-tabularray,0,1,1
https://stackexchange.com/sites,0,1,1
https://meta.stackoverflow.com/users/10553341/damien,0,1,1
https://travel.stackexchange.com/questions/191640/are-french-citizens-banned-by-their-government-from-entering-the-darien-gap-or,0,1,1
https://electronics.stackexchange.com/questions/727259/minimum-bend-radius-of-a-fr-4-pcb,0,1,1
https://stackoverflow.co/teams/?utm_medium=referral&utm_source=stackoverflowmeta-community&utm_campaign=footer&utm_content=teams,0,1,1
https://api.stackexchange.com/,0,1,1
https://twitter.com/stackoverflow,0,1,1
https://meta.stackoverflow.com/questions/254976/how-can-i-include-new-lines-for-code-snippets-inside-comments,0,1,1
https://meta.stackexchange.com/a/19775/194720,0,1,1
https://meta.stackoverflow.com/posts/401413/revisions,0,1,1
https://stackexchange.com/sites#technology,0,1,1
https://meta.stackoverflow.com/help,0,1,1
https://aviation.stackexchange.com/questions/106914/effects-of-gravity-on-glide-ratio,0,1,1
https://meta.stackoverflow.com,0,1,1
https://meta.stackoverflow.com/questions/401413/how-can-i-type-backticks-on-my-samsung-smartphone-which-are-needed-for-inline-c?answertab=scoredesc#tab-top,0,1,1
https://ell.stackexchange.com/questions/357976/what-are-you-making-it-mean-about-you-vs-what-do-you-think-it-means-about-you,0,1,1
https://stackexchange.com,0,1,1
https://stackoverflow.com/legal,0,1,1
https://meta.stackoverflow.com/q/401413,0,1,1
https://ell.stackexchange.com/questions/357988/difference-between-get-something-off-your-chest-and-make-a-clean-breast-of-it,0,1,1
https://meta.stackoverflow.com/posts/401424/revisions,0,1,1
http://meta.stackoverflow.com/users/login?ssrc=site_switcher&returnurl=https%3a%2f%2fmeta.stackoverflow.com%2fquestions%2f401413%2fhow-can-i-type-backticks-on-my-samsung-smartphone-which-are-needed-for-inline-c,0,1,1
https://stackoverflow.com/users/signup?ssrc=head&returnurl=https%3a%2f%2fmeta.stackoverflow.com%2fquestions%2f401413%2fhow-can-i-type-backticks-on-my-samsung-smartphone-which-are-needed-for-inline-c,0,1,1
https://mathoverflow.net/questions/480220/pairs-of-matrices-for-which-traces-of-powers-are-independent-of-the-order,0,1,1
https://insights.samsung.com/spectaculars-dooh/,0,1,1
https://insights.samsung.com/healthcare/,0,1,1
https://insights.samsung.com/about/,0,1,1
https://twitter.com/SamsungBizUSA,0,1,1
https://s15543.pcdn.co/wp-content/uploads/2021/03/samsung-smartphone-assessment-FEATURE-IMAGE-22.png,0,1,1
https://insights.samsung.com/2024/10/03/meet-the-galaxy-fe-family-galaxy-s24-fe-tab-s9-fe-and-buds-fe/,0,1,1
https://insights.samsung.test/test-samsung-inline-cta/?industryInterest=Mobile+Phones&industryInterest=Government,0,1,1
https://insights.samsung.com/2024/09/26/10-reasons-to-choose-samsungs-galaxy-tab-s10-and-tab-s10-ultra-for-work-on-the-go/,0,1,1
https://www.samsung.com/us/business/mobile/phones/explore/?cid=com-btb-sky-blg-us-other-na-100219-112001-na-na-na&attributioncampaignid=7011Q000001VMa2QAG,0,1,1
https://insights.samsung.com/content_type/podcast/,0,1,1
https://insights.samsung.com/tools/smartphone-selector/?CampaignCode=blog-cta-assess,0,1,1
https://insights.samsung.com/2023/02/01/23-reasons-to-switch-to-a-samsung-smartphone/,0,1,1
http://samsung.com/us/business,0,1,1
https://insights.samsung.com/trending-tech/,0,1,1
https://www.samsung.com/us/business/shop/all-deals/?cid=com-btb-sky-blg-us-other-na-100219-112001-na-na-na&attributioncampaignid=7011Q000001VMa2QAG&CampaignCode=blog-cyo-com,0,1,1
https://insights.samsung.com/tag/flip4/,0,1,1
https://www.facebook.com/sharer/sharer.php?u=https%3A%2F%2Finsights.samsung.com%2F2023%2F02%2F09%2F8-tips-for-maximizing-your-smartphones-battery-life-3%2F&t=8%20tips%20for%20maximizing%20your%20smartphone%26%238217%3Bs%20battery%20life,0,1,1
https://insights.samsung.com/2023/02/09/8-tips-for-maximizing-your-smartphones-battery-life-3/#content,0,1,1
http://www.samsung.com/us/common/privacy.html,0,1,1
https://www.samsung.com/us/smartphones/galaxy-s23/?cid=com-btb-sky-blg-us-other-na-100219-112001-na-na-na&attributioncampaignid=7011Q000001VMa2QAG&CampaignCode=blog-cta-com,0,1,1
https://insights.samsung.com/,0,1,1
https://insights.samsung.com/mobile-security/,0,1,1
https://insights.samsung.com/content_type/assessment/,0,1,1
https://insights.samsung.com/2024/09/19/6-galaxy-z-flip6-content-capture-benefits-that-fuel-small-business-creativity/,0,1,1
https://insights.samsung.com/tag/tech-tips/,0,1,1
https://insights.samsung.com/government/,0,1,1
https://insights.samsung.com/transportation/,0,1,1
https://insights.samsung.com/education/,0,1,1
https://www.linkedin.com/shareArticle?mini=true&url=https%3A%2F%2Finsights.samsung.com%2F2023%2F02%2F09%2F8-tips-for-maximizing-your-smartphones-battery-life-3%2F&title=8%20tips%20for%20maximizing%20your%20smartphone%26%238217%3Bs%20battery%20life&source=samsung-electronics-america,0,1,1
https://www.samsung.com/us/business/solutions/samsung-dex/?cid=com-btb-sky-blg-us-other-na-100219-112001-na-na-na&attributioncampaignid=7011Q000001VMa2QAG,0,1,1
https://insights.samsung.com/hospitality/,0,1,1
https://www.linkedin.com/showcase/galaxy-for-business/posts/,0,1,1
https://insights.samsung.com/live-events-sports/,0,1,1
https://www.samsung.com/us/account/privacy-policy/,0,1,1
https://insights.samsung.com/mobile-productivity/phones/,0,1,1
https://www.samsung.com/us/business/mobile/?cid=com-btb-sky-blg-us-other-na-100219-112001-na-na-na&attributioncampaignid=7011Q000001VMa2QAG,0,1,1
http://www.samsung.com/us/common/legal.html,0,1,1
https://insights.samsung.com/mobile-productivity/,0,1,1
https://insights.samsung.com/digital-signage/,0,1,1
https://insights.samsung.com/guide-to-going-mobile-only-with-samsung-dex-interactive/?CampaignCode=blog-art-intwp,0,1,1
https://insights.samsung.com/2024/07/15/5-ways-foldables-open-up-better-ai-experiences-for-smbs/,0,1,1
https://insights.samsung.com/data-storage/,0,1,1
https://www.samsung.com/us/smartphones/galaxy-s23-ultra/?cid=com-btb-sky-blg-us-other-na-100219-112001-na-na-na&attributioncampaignid=7011Q000001VMa2QAG,0,1,1
https://insights.samsung.com/finance/,0,1,1
https://insights.samsung.com/author/samsungbusinessusa/,0,1,1
https://insights.samsung.com/content_type/infographic/,0,1,1
https://www.samsung.com/us/business/smartphones/galaxy-fold4/buy/?modelCode=SM-F936UZKEXAA&cid=com-btb-sky-blg-us-other-na-100219-112001-na-na-na&attributioncampaignid=7011Q000001VMa2QAG&cid=com-btb-sky-blg-us-other-na-100219-112001-na-na-na&cid=com-btb-sky-blg-us-other-na-100219-112001-na-na-na,0,1,1
https://insights.samsung.com/2024/07/12/6-reasons-to-switch-to-galaxy-z-flip6/,0,1,1
https://insights.samsung.com/content_type/case-study/,0,1,1
https://insights.samsung.com/food-beverage/,0,1,1
https://insights.samsung.com/smb-technology/,0,1,1
https://insights.samsung.com,0,1,1
https://insights.samsung.com/author,0,1,1
https://www.instagram.com/samsungbusinessusa/,0,1,1
https://www.facebook.com/SamsungBusinessUSA/,0,1,1
https://insights.samsung.com/manufacturing/,0,1,1
https://insights.samsung.com/retail/,0,1,1
https://www.samsung.com/us/business/smartphones/galaxy-fold4/buy/?modelCode=SM-F936UZKEXAA&cid=com-btb-sky-blg-us-other-na-100219-112001-na-na-na&attributioncampaignid=7011Q000001VMa2QAG,0,1,1
https://insights.samsung.com/tag/fold4/,0,1,1
https://insights.samsung.com/tag/galaxy-s23/,0,1,1
https://insights.samsung.com/computing-monitors/,0,1,1
https://insights.samsung.com/content_type/white-paper/,0,1,1
https://insights.samsung.com/content_type/webinar/,0,1,1
https://www.samsung.com/us/business/mobile/phones/foldables/?cid=com-btb-sky-blg-us-other-na-100219-112001-na-na-na&attributioncampaignid=7011Q000001VMa2QAG,0,1,1
https://community.spiceworks.com/pages/samsungbusinessusa,0,1,1
https://www.samsung.com/us/account/privacy-policy/?cid=com-btb-sky-blg-us-other-na-100219-112001-na-na-na&CampaignCode=blog-cyo-com,0,1,1
https://twitter.com/share?text=8%20tips%20for%20maximizing%20your%20smartphone%26%238217%3Bs%20battery%20life&url=https%3A%2F%2Finsights.samsung.com%2F2023%2F02%2F09%2F8-tips-for-maximizing-your-smartphones-battery-life-3%2F&via=SamsungBizUSA,0,1,1
https://youtube.com/samsungbizusa,0,1,1
https://www.samsung.com/us/smartphones/galaxy-s23/?cid=com-btb-sky-blg-us-other-na-100219-112001-na-na-na&attributioncampaignid=7011Q000001VMa2QAG,0,1,1
https://insights.samsung.com/gaming-esports/,0,1,1
https://insights.samsung.com/2021/08/13/8-tips-to-multiply-productivity-on-the-samsung-galaxy-z-fold3-5g/,0,1,1
https://insights.samsung.com/2024/07/11/galaxy-z-fold6-vs-galaxy-z-flip6-which-foldable-device-is-best-for-your-business/,0,1,1
https://www.samsung.com/us/shop/discount-program/workplace/?cid=com-btb-sky-blg-us-other-na-100219-112001-na-na-na&CampaignCode=blog-cyo-com,0,1,1
https://insights.samsung.com/content_type/video/,0,1,1
https://www.samsung.com/us/business/smartphones/galaxy-flip4/buy/?modelCode=SM-F721UZAEXAA&cid=com-btb-sky-blg-us-other-na-100219-112001-na-na-na&attributioncampaignid=7011Q000001VMa2QAG,0,1,1
https://insights.samsung.com/tools/best-business-phone/?CampaignCode=blog-art-assess,0,1,1
https://www.samsung.com/uk/support/mobile-devices/how-do-i-perform-factory-reset-on-my-mobile-device/,0,1,1
https://community.spiceworks.com/u/griffethbarker,0,1,1
https://www.discourse.org,0,1,1
https://community.spiceworks.com/t/android-phone-locked-to-ex-employee/729543,0,1,1
https://community.spiceworks.com/guidelines,0,1,1
https://community.spiceworks.com/t/former-end-user-took-over-a-company-android-tablet-how-to-reclaim-ownership/959768,0,1,1
https://community.spiceworks.com/u/peterw2300,0,1,1
https://community.spiceworks.com/u/spiceuser-prince52,0,1,1
https://community.spiceworks.com/tag/discussion,0,1,1
https://www.spiceworks.com/privacy,0,1,1
https://community.spiceworks.com/tag/mdm-byod,0,1,1
https://community.spiceworks.com/tag/mobile-computing,0,1,1
https://community.spiceworks.com/categories,0,1,1
https://community.spiceworks.com/tag/android,0,1,1
https://community.spiceworks.com/u/matt7863,0,1,1
https://community.spiceworks.com/,0,1,1
https://community.spiceworks.com/c/hardware/15,0,1,1
https://community.spiceworks.com/c/mobile-computing/22,0,1,1
https://community.spiceworks.com/tag/question,0,1,1
https://community.spiceworks.com/tag/samsung-products,0,1,1
https://community.spiceworks.com/t/android-factory-reset-protection/581007,0,1,1
https://www.spiceworks.com/terms,0,1,1
https://community.spiceworks.com/t/company-owned-galaxy-s7-and-frp/614327,0,1,1
https://community.spiceworks.com/t/corp-android-devices-locked-to-specific-android-account/634520,0,1,1
https://www.elsevier.com/,0,1,1
https://www.sciencedirect.com/,0,1,1
https://www.relx.com/,0,1,1
https://service.elsevier.com/app/home/supporthub/sciencedirect/,0,1,1
https://www.sciencedirect.com/browse/journals-and-books,0,1,1
https://service.elsevier.com/app/contact/supporthub/sciencedirect/,0,1,1
https://www.elsevier.com/legal/privacy-policy,0,1,1
https://service.elsevier.com/app/contact/supporthub/sciencedirect,0,1,1
https://www.elsevier.com/solutions/sciencedirect,0,1,1
https://www.sciencedirect.com/legal/use-of-cookies,0,1,1
https://www.elsevier.com/legal/elsevier-website-terms-and-conditions,0,1,1
https://sd-cart.elsevier.com/,0,1,1
https://en.wikipedia.org/wiki/Samsung_Galaxy_A7,0,1,1
https://en.wikipedia.org/wiki/Samsung_M810_Instinct_S30,0,1,1
https://en.wikipedia.org/wiki/Samsung_Galaxy#cite_ref-Over_the_Horizon_(S6_Theme)_87-0,0,1,1
https://en.wikipedia.org/wiki/Samsung_Intercept,0,1,1
https://en.wikipedia.org/w/index.php?title=Samsung_Galaxy&action=edit&section=39,0,1,1
https://en.wikipedia.org/wiki/Samsung_Intensity_II,0,1,1
https://en.wikipedia.org/wiki/Samsung_Galaxy_Gio,0,1,1
https://en.wikipedia.org/wiki/Samsung_Galaxy#cite_note-12,0,1,1
https://en.wikipedia.org/wiki/Simband,0,1,1
https://en.wikipedia.org/w/index.php?title=Samsung_SGH-A167&action=edit&redlink=1,0,1,1
https://fr.wikipedia.org/wiki/Samsung_Galaxy,0,1,1
https://en.wikipedia.org/wiki/Samsung_Galaxy#cite_note-6,0,1,1
https://en.wikipedia.org/wiki/Samsung_Galaxy_J2_(2016),0,1,1
"https://en.wikipedia.org/w/index.php?title=Samsung_R%26D_Institute_Japan,_Osaka&action=edit&redlink=1",0,1,1
https://en.wikipedia.org/wiki/Samsung_Galaxy#cite_note-62,0,1,1
https://www.engadget.com/2012/10/11/samsung-galaxy-s-iii-mini-launch/,0,1,1
https://en.wikipedia.org/wiki/Samsung_Rugby,0,1,1
https://web.archive.org/web/20170730170145/https://www.engadget.com/2010/09/07/samsung-fascinate-review/,0,1,1
https://en.wikipedia.org/wiki/Samsung_Galaxy_A13_5G,0,1,1
https://en.wikipedia.org/wiki/Samsung_Galaxy_Mega,0,1,1
https://en.wikipedia.org/wiki/Samsung_Galaxy_S_Plus,0,1,1
https://news.samsung.com/global/samsung-and-jacob-collier-collaborate-on-new-galaxy-smartphones-over-the-horizon,0,1,1
https://en.wikipedia.org/w/index.php?title=Samsung_Galaxy&action=edit&section=3,0,1,1
https://web.archive.org/web/20120626103501/http://techcentral.my/news/story.aspx?file=%2F2012%2F4%2F19%2Fit_news%2F20120419130045&sec=it_news,0,1,1
https://en.wikipedia.org/wiki/Samsung_Galaxy#cite_ref-76,0,1,1
https://en.wikipedia.org/wiki/Galaxy_Store,0,1,1
https://en.wikipedia.org/wiki/Comparison_of_smartphones,0,1,1
https://en.wikipedia.org/wiki/Samsung_Galaxy_Star_2_Plus,0,1,1
https://www.theverge.com/2019/2/20/18233599/samsung-galaxy-phones-sold-2-billion-users-unpacked-2019?guccounter=1&guce_referrer=aHR0cHM6Ly9kdWNrZHVja2dvLmNvbS8&guce_referrer_sig=AQAAAGo4SXnbCtkwVmyzsuY7iIUxqTJPpZTYfWhn1GlrOx4qlTpykwL9KWk67QGqhp76UEkryMU0wqQtbkwwUILTOXubg0232a6UmmMkcn4tApNF5yqXUJUXWgD_uJr3ZMt7wKrG_ExhR45N5jh9vhOKoZiOGSZ2y0GKbG7iz2vsGpcR,0,1,1
https://web.archive.org/web/20111105065158/http://www.samsung.com/galaxyace/ace_techspec.html,0,1,1
https://www.androidauthority.com/long-live-galaxy-brand-japan-604346/,0,1,1
http://web.archive.org/web/20240119121622/https://news.samsung.com/global/a-harmonious-blend-of-nature-and-tradition-behind-the-scenes-of-2024s-over-the-horizon,0,1,1
https://en.wikipedia.org/wiki/File:Z_Flip6.jpg,0,1,1
https://en.wikipedia.org/w/index.php?title=Template_talk:Samsung_Galaxy_wearables&action=edit&redlink=1,0,1,1
https://en.wikipedia.org/wiki/Phablet,0,1,1
https://www.youtube.com/watch?v=qaJUdvtozUM,0,1,1
https://en.wikipedia.org/wiki/Samsung_Galaxy_Watch_5,0,1,1
https://en.wikipedia.org/wiki/Samsung_Galaxy#External_links,0,1,1
https://lt.wikipedia.org/wiki/Samsung_Galaxy,0,1,1
https://en.wikipedia.org/w/index.php?title=Samsung_Galaxy&action=edit&section=12,0,1,1
https://en.wikipedia.org/wiki/Samsung_Wave_Y,0,1,1
https://en.wikipedia.org/wiki/Smartphone,0,1,1
https://en.wikipedia.org/w/index.php?title=Samsung_Galaxy&action=edit&section=5,0,1,1
https://en.wikipedia.org/wiki/Samsung_Galaxy_A12,0,1,1
https://en.wikipedia.org/wiki/Samsung_Galaxy#cite_ref-Note01_49-3,0,1,1
https://en.wikipedia.org/wiki/Galaxy_Unpacked,0,1,1
https://en.wikipedia.org/wiki/Samsung_B7610,0,1,1
https://en.wikipedia.org/wiki/Samsung_Mesmerize,0,1,1
https://en.wikipedia.org/wiki/Samsung_Galaxy_Trend_Plus,0,1,1
https://en.wikipedia.org/wiki/Samsung_Exhibit_II_4G,0,1,1
https://www.androidauthority.com/samsung-galaxy-fit-price-release-date-deals-997935/,0,1,1
https://web.archive.org/web/20170709212656/https://techcrunch.com/2009/11/16/samsung-announces-new-android-powered-galaxy-spica-i5700/,0,1,1
https://en.wikipedia.org/wiki/Samsung_Galaxy#cite_note-‘Over_the_Horizon’_2022_Illustrates_a_Heartfelt_Vision_for_the_New_World-102,0,1,1
https://en.wikipedia.org/w/index.php?title=Special:CreateAccount&returnto=Samsung+Galaxy,0,1,1
https://en.wikipedia.org/wiki/Samsung_Galaxy#cite_ref-AceandMini_45-0,0,1,1
https://en.wikipedia.org/wiki/Special:EditPage/Template:Samsung_Galaxy_Xcover,0,1,1
https://www.youtube.com/watch?v=BnBk6WUqiCM,0,1,1
https://en.wikipedia.org/wiki/Japan,0,1,1
https://en.wikipedia.org/wiki/Samsung_Galaxy_Mega_2,0,1,1
https://en.wikipedia.org/w/index.php?title=Samsung_R%26D_Institute_Jordan&action=edit&redlink=1,0,1,1
https://en.wikipedia.org/wiki/Samsung_Galaxy_J2,0,1,1
https://ko.wikipedia.org/wiki/%EC%82%BC%EC%84%B1_%EA%B0%A4%EB%9F%AD%EC%8B%9C,0,1,1
https://en.wikipedia.org/wiki/Samsung_Galaxy#cite_note-AceandMini-45,0,1,1
https://en.wikipedia.org/wiki/Samsung_Omnia_Series,0,1,1
https://en.wikipedia.org/wiki/Samsung_Gravity_series,0,1,1
https://en.wikipedia.org/wiki/Samsung_Galaxy_F13,0,1,1
https://picktablet.com/why-galaxy-a8-should-be-your-go-to-buy-mid-range-phone-review-1699/,0,1,1
https://en.wikipedia.org/wiki/Samsung_Galaxy_A6_/_A6%2B,0,1,1
https://web.archive.org/web/20170627022256/https://www.engadget.com/2010/03/23/samsung-announces-galaxy-s-android-smartphone/,0,1,1
https://en.wikipedia.org/wiki/Galaxy_Nexus,0,1,1
https://en.wikipedia.org/wiki/Samsung_Galaxy#cite_ref-Note01_49-5,0,1,1
https://en.wikipedia.org/wiki/Samsung_Galaxy#cite_ref-81,0,1,1
http://www.etnews.com/20180917000177?SNS=00002,0,1,1
https://www.samsung.com/us/support/answer/ANS00089083/,0,1,1
https://en.wikipedia.org/wiki/Samsung_Galaxy_A01,0,1,1
https://web.archive.org/web/20170627045654/https://www.engadget.com/2010/08/02/samsung-galaxy-u-and-galaxy-k-add-to-the-alphabet-soup-in-south/,0,1,1
https://www.engadget.com/2011/09/02/samsung-galaxy-r-wave-m-m-pro-w-xcover-and-wave-y-hands-on/,0,1,1
https://en.wikipedia.org/wiki/Samsung_Galaxy#cite_ref-56,0,1,1
https://pl.wikipedia.org/wiki/Samsung_Galaxy,0,1,1
https://en.wikipedia.org/wiki/Samsung_Galaxy_Grand_2,0,1,1
http://blog.gsmarena.com/samsungs-multi-device-sync-flow-app-now-available-latest-galaxy-flagships/,0,1,1
https://en.wikipedia.org/wiki/Samsung_Galaxy#cite_ref-The_Evolution_of_the_Samsung_Galaxy_Brand_Sound_83-0,0,1,1
https://stats.wikimedia.org/#/en.wikipedia.org,0,1,1
https://en.wikipedia.org/w/index.php?title=Samsung_Galaxy&action=edit&section=30,0,1,1
https://en.wikipedia.org/wiki/Template:Cite_web,0,1,1
https://en.wikipedia.org/wiki/Samsung_SGH-G800,0,1,1
https://en.wikipedia.org/w/index.php?title=Samsung_Galaxy&action=edit&section=1,0,1,1
https://en.wikipedia.org/wiki/Special:RecentChanges,0,1,1
https://en.wikipedia.org/wiki/Samsung_Galaxy_Y,0,1,1
https://en.wikipedia.org/wiki/Samsung_Galaxy_Tab_S5e,0,1,1
https://en.wikipedia.org/w/index.php?title=Samsung_Research_China&action=edit&redlink=1,0,1,1
https://en.wikipedia.org/wiki/Samsung_Galaxy_S3,0,1,1
https://en.wikipedia.org/wiki/Wikipedia:File_Upload_Wizard,0,1,1
https://design.samsung.com/global/contents/over-the-horizon/,0,1,1
https://no.wikipedia.org/wiki/Samsung_Galaxy,0,1,1
https://en.wikipedia.org/wiki/Samsung_Galaxy#cite_note-28,0,1,1
https://en.wikipedia.org/wiki/AMD_Ryzen,0,1,1
https://web.archive.org/web/20170627052122/https://www.engadget.com/2010/08/16/epic-4g-review/,0,1,1
https://en.wikipedia.org/wiki/Samsung_T919_Behold,0,1,1
https://en.wikipedia.org/wiki/Samsung_Galaxy#cite_note-24,0,1,1
https://en.wikipedia.org/w/index.php?title=Samsung_Galaxy_Watch_Ultra&action=edit&redlink=1,0,1,1
https://en.wikipedia.org/wiki/Samsung_Galaxy#cite_ref-S4zoom_33-0,0,1,1
https://news.samsung.com/global/a-harmonious-blend-of-nature-and-tradition-behind-the-scenes-of-2024s-over-the-horizon,0,1,1
https://en.wikipedia.org/wiki/Samsung_Galaxy_J4,0,1,1
https://en.wikipedia.org/wiki/Samsung_Ativ,0,1,1
https://en.wikipedia.org/wiki/Samsung_Sens,0,1,1
https://en.wikipedia.org/wiki/Google_Mobile_Services,0,1,1
https://en.wikipedia.org/wiki/Samsung_Galaxy#cite_ref-31,0,1,1
https://en.wikipedia.org/wiki/Samsung_Galaxy#Samsung_Galaxy_S_series,0,1,1
https://en.wikipedia.org/wiki/Samsung_Galaxy_S_III_Mini,0,1,1
https://en.wikipedia.org/wiki/Samsung_Galaxy#cite_note-30,0,1,1
https://en.wikipedia.org/wiki/Samsung_Galaxy#cite_ref-74,0,1,1
https://en.wikipedia.org/wiki/Samsung_F480_Tocco,0,1,1
https://en.wikipedia.org/w/index.php?title=Samsung_Intensity_III&action=edit&redlink=1,0,1,1
https://www.techradar.com/news/the-lte-samsung-galaxy-watch-is-getting-an-overdue-one-ui-update,0,1,1
https://en.wikipedia.org/wiki/Samsung_Galaxy#cite_note-55,0,1,1
https://en.wikipedia.org/wiki/Samsung_Galaxy_S24,0,1,1
https://en.wikipedia.org/w/index.php?title=Samsung_Galaxy_A06&action=edit&redlink=1,0,1,1
https://en.wikipedia.org/wiki/Samsung_Galaxy_Tab_Active,0,1,1
https://en.wikipedia.org/wiki/Samsung_Galaxy_A51_5G,0,1,1
https://en.wikipedia.org/wiki/Samsung_Galaxy_Ace_2#Samsung_Galaxy_Ace_II_x,0,1,1
https://en.wikipedia.org/wiki/Samsung_Galaxy_S10,0,1,1
https://en.wikipedia.org/wiki/Category:Products_introduced_in_2009,0,1,1
https://en.wikipedia.org/wiki/Samsung_Galaxy#cite_ref-36,0,1,1
https://en.wikipedia.org/wiki/Samsung_Galaxy#Wearables,0,1,1
https://en.wikipedia.org/wiki/Samsung_Experience,0,1,1
https://en.wikipedia.org/wiki/Chromebook#Samsung_Galaxy_Chromebook,0,1,1
https://en.wikipedia.org/wiki/Samsung_Stratosphere,0,1,1
https://en.wikipedia.org/w/index.php?title=Samsung_Galaxy_F15_5G&action=edit&redlink=1,0,1,1
https://en.wikipedia.org/wiki/Samsung_Galaxy#Activity_trackers,0,1,1
https://en.wikipedia.org/wiki/Samsung_Galaxy#cite_note-Over_the_Horizon_(S6_Theme)-87,0,1,1
https://en.wikipedia.org/wiki/Samsung_Galaxy_A25_5G,0,1,1
https://en.wikipedia.org/wiki/Danger_Hiptop#T-Mobile_Sidekick_4G_(Android/Samsung),0,1,1
https://en.wikipedia.org/wiki/Samsung_Galaxy_Tab_series,0,1,1
https://en.wikipedia.org/wiki/Special:EditPage/Template:Samsung_Galaxy_Note,0,1,1
https://en.wikipedia.org/wiki/Orchestral_pop,0,1,1
https://pt.wikipedia.org/wiki/Samsung_Galaxy,0,1,1
https://en.wikipedia.org/wiki/Samsung_Galaxy_Active_Neo,0,1,1
https://en.wikipedia.org/wiki/Samsung_Galaxy#cite_ref-MWC2011_63-0,0,1,1
https://en.wikipedia.org/wiki/Samsung_T559_Comeback,0,1,1
https://en.wikipedia.org/wiki/Samsung_Galaxy_A71_5G,0,1,1
https://en.wikipedia.org/wiki/Samsung_Galaxy_A21,0,1,1
https://en.wikipedia.org/wiki/Samsung_Z1,0,1,1
https://en.wikipedia.org/wiki/Samsung_Galaxy_A54_5G,0,1,1
https://en.wikipedia.org/wiki/Samsung_Galaxy#cite_ref-15,0,1,1
https://en.wikipedia.org/wiki/Samsung_Galaxy_S20%2B,0,1,1
https://ms.wikipedia.org/wiki/Samsung_Galaxy,0,1,1
https://en.wikipedia.org/wiki/Samsung_Galaxy#cite_note-1,0,1,1
https://en.wikipedia.org/wiki/Samsung_Galaxy#cite_ref-20,0,1,1
https://en.wikipedia.org/wiki/Samsung_Galaxy#Projectors,0,1,1
https://www.engadget.com/2011/07/01/samsung-galaxy-z-galaxy-s-iis-affordable-little-brother-now/,0,1,1
https://en.wikipedia.org/wiki/Samsung_Galaxy#Background,0,1,1
https://en.wikipedia.org/wiki/Samsung_Galaxy_Note,0,1,1
https://en.wikipedia.org/wiki/Samsung_Galaxy_A30,0,1,1
https://en.wikipedia.org/wiki/Samsung_Galaxy#cite_ref-62,0,1,1
https://en.wikipedia.org/wiki/Galaxy_S22_Ultra,0,1,1
"https://en.wikipedia.org/w/index.php?title=Samsung_R%26D_Institute_China,_Beijing&action=edit&redlink=1",0,1,1
https://en.wikipedia.org/w/index.php?title=Samsung_Galaxy&action=edit&section=31,0,1,1
https://en.wikipedia.org/wiki/Samsung_Galaxy_S8_Plus,0,1,1
https://en.wikipedia.org/w/index.php?title=Samsung_Galaxy&action=edit&section=35,0,1,1
https://en.wikipedia.org/wiki/Category:Computer-related_introductions_in_2009,0,1,1
https://en.wikipedia.org/wiki/Samsung_Galaxy_M22,0,1,1
https://en.wikipedia.org/w/index.php?title=Samsung_Galaxy_A72_5G&action=edit&redlink=1,0,1,1
https://en.wikipedia.org/wiki/Template_talk:Samsung_Galaxy_F,0,1,1
https://en.wikipedia.org/wiki/Android_OS,0,1,1
https://en.wikipedia.org/wiki/Samsung_Galaxy_Xcover_4,0,1,1
https://en.wikipedia.org/wiki/Samsung_Galaxy#Samsung_Galaxy_Tab_series,0,1,1
https://zh-yue.wikipedia.org/wiki/%E4%B8%89%E6%98%9FGalaxy,0,1,1
https://en.wikipedia.org/wiki/Special:EditPage/Template:Samsung_smartphones,0,1,1
https://en.wikipedia.org/wiki/Samsung_Galaxy#cite_note-samsung1-21,0,1,1
https://en.wikipedia.org/wiki/Special:EditPage/Template:Samsung_Galaxy_Z,0,1,1
https://en.wikipedia.org/wiki/List_of_Android_smartphones,0,1,1
https://en.wikipedia.org/wiki/Samsung_Galaxy#cite_note-81,0,1,1
https://en.wikipedia.org/wiki/Quincy_Jones,0,1,1
https://en.wikipedia.org/wiki/Template:Samsung_Galaxy_J,0,1,1
"https://en.wikipedia.org/wiki/Samsung_R%26D_Institute_India,_Noida",0,1,1
https://en.wikipedia.org/wiki/Samsung_Galaxy_Z_Flip_6,0,1,1
https://en.wikipedia.org/wiki/Samsung_Galaxy_S20,0,1,1
https://en.wikipedia.org/wiki/Samsung_Galaxy#cite_note-Samsung_Galaxy_Buds-17,0,1,1
https://en.wikipedia.org/wiki/Samsung_Galaxy#cite_note-38,0,1,1
https://en.wikipedia.org/w/index.php?title=Samsung_SCH-i760&action=edit&redlink=1,0,1,1
https://en.wikipedia.org/wiki/Samsung_Galaxy_Note_10_Lite,0,1,1
https://cs.wikipedia.org/wiki/Samsung_Galaxy,0,1,1
https://web.archive.org/web/20190914142458/https://www.notebookcheck.net/Samsung-confirms-Galaxy-J-is-now-Galaxy-A.415991.0.html,0,1,1
https://en.wikipedia.org/wiki/Samsung_Ativ_Odyssey,0,1,1
https://lv.wikipedia.org/wiki/Samsung_Galaxy,0,1,1
https://en.wikipedia.org/wiki/Samsung_Galaxy#cite_note-rebrand-2,0,1,1
https://en.wikipedia.org/wiki/Samsung_Galaxy_Xcover_FieldPro,0,1,1
https://en.wikipedia.org/wiki/Samsung_Galaxy#cite_ref-A_Harmonious_Blend_of_Nature_and_Tradition:_Behind_the_Scenes_of_2024’s_‘Over_the_Horizon’_106-0,0,1,1
https://en.wikipedia.org/wiki/Samsung_SPH-M520,0,1,1
https://en.wikipedia.org/wiki/Samsung_Galaxy#cite_ref-Note01_49-1,0,1,1
https://en.wikipedia.org/wiki/Samsung_Galaxy#cite_note-Over_The_Horizon_by_Yiruma_(2021)-99,0,1,1
https://www.engadget.com/2011/12/17/samsung-stratosphere-review/,0,1,1
https://en.wikipedia.org/wiki/Foldable_smartphone,0,1,1
https://en.wikipedia.org/wiki/Samsung_SPH-i300#History_and_reception,0,1,1
https://en.wikipedia.org/wiki/Samsung_Galaxy#Region_locking_and_CSC_codes,0,1,1
https://en.wikipedia.org/wiki/Samsung_Galaxy_M23_5G,0,1,1
https://en.wikipedia.org/wiki/Samsung_Galaxy_F23,0,1,1
https://en.wikipedia.org/wiki/Samsung_Galaxy#cite_ref-80,0,1,1
https://web.archive.org/web/20120316072229/http://www.telegraph.co.uk/technology/google/8835757/Google-launches-Galaxy-Nexus-phone.html,0,1,1
https://en.wikipedia.org/wiki/File:Z_Fold6.jpg,0,1,1
https://en.wikipedia.org/w/index.php?title=Samsung_Galaxy&action=edit&section=24,0,1,1
https://en.wikipedia.org/wiki/Samsung_Galaxy_A70s,0,1,1
https://en.wikipedia.org/wiki/Samsung_SGH-X480,0,1,1
https://en.wikipedia.org/wiki/Samsung_Galaxy#China,0,1,1
https://web.archive.org/web/20111122160820/http://www.androidcentral.com/hands-samsung-captivate-glide,0,1,1
https://en.wikipedia.org/wiki/Category:South_Korean_brands,0,1,1
https://en.wikipedia.org/wiki/Samsung_Galaxy_A05s,0,1,1
https://en.wikipedia.org/wiki/Samsung_Galaxy_Young_2,0,1,1
https://web.archive.org/web/20170627024932/https://www.engadget.com/2010/09/12/samsung-galaxy-apollo-coming-to-telus-soon/,0,1,1
https://en.wikipedia.org/wiki/Samsung_Galaxy_S4,0,1,1
https://en.wikipedia.org/wiki/Samsung_Galaxy_S22,0,1,1
https://en.wikipedia.org/wiki/Samsung_Galaxy#cite_note-77,0,1,1
https://web.archive.org/web/20120826014719/http://www.engadget.com/2011/06/15/samsung-exhibit-4g-and-gravity-smart-coming-to-t-mobile-on-june,0,1,1
https://en.wikipedia.org/wiki/Samsung_SGH-E250,0,1,1
https://en.wikipedia.org/wiki/Samsung_Galaxy_Y_Pro_DUOS,0,1,1
https://en.wikipedia.org/wiki/Samsung_Galaxy_S_III,0,1,1
https://en.wikipedia.org/wiki/Samsung_W880,0,1,1
https://en.wikipedia.org/wiki/Samsung_Galaxy_A73_5G,0,1,1
https://en.wikipedia.org/wiki/Samsung_Galaxy_S22%2B,0,1,1
https://en.wikipedia.org/wiki/Samsung_Galaxy#cite_note-29,0,1,1
https://web.archive.org/web/20120518052010/http://www.engadget.com/2012/05/03/samsung-galaxy-s-iii-is-official/,0,1,1
https://en.wikipedia.org/wiki/Samsung_India_Software_Centre,0,1,1
https://web.archive.org/web/20220311100036/https://picktablet.com/why-galaxy-a8-should-be-your-go-to-buy-mid-range-phone-review-1699/,0,1,1
https://en.wikipedia.org/wiki/TracFone,0,1,1
https://en.wikipedia.org/wiki/Headphones,0,1,1
https://en.wikipedia.org/wiki/Microsoft_Windows,0,1,1
https://en.wikipedia.org/wiki/Template:Samsung_Galaxy_F,0,1,1
https://en.wikipedia.org/wiki/Samsung_Galaxy_Watch_Active,0,1,1
https://en.wikipedia.org/wiki/CNET,0,1,1
https://en.wikipedia.org/wiki/Samsung_SGH-G810,0,1,1
https://en.wikipedia.org/wiki/Samsung_Intensity,0,1,1
https://en.wikipedia.org/wiki/Samsung_Galaxy#cite_ref-Samsung_Galaxy_Chromebook_3-0,0,1,1
https://en.wikipedia.org/w/index.php?title=Samsung_R%26D_Institute_Philippines&action=edit&redlink=1,0,1,1
"http://www.tomshardware.com/news/samsung-galaxy-ace-3-uk-release-date-price,24567.html",0,1,1
https://en.wikipedia.org/wiki/Samsung_Galaxy_Fit_series,0,1,1
https://en.wikipedia.org/wiki/Samsung_Galaxy_A8_Star,0,1,1
https://en.wikipedia.org/wiki/Samsung_Galaxy_A34_5G,0,1,1
https://en.wikipedia.org/wiki/Samsung_Galaxy_A30s,0,1,1
https://en.wikipedia.org/wiki/Samsung_SGH-M310,0,1,1
https://en.wikipedia.org/wiki/Samsung_SPH-M620,0,1,1
https://en.wikipedia.org/wiki/Samsung_Galaxy#Americas,0,1,1
https://en.wikipedia.org/wiki/Samsung_Galaxy#cite_ref-Note01_49-4,0,1,1
http://www.gsmarena.com/galaxy_s_iii_gets_9_million_preorders_from_100_global_carriers-news-4264.php,0,1,1
https://en.wikipedia.org/wiki/Samsung_Galaxy_J3_Pro,0,1,1
https://en.wikipedia.org/wiki/Encyclopedia_Britannica,0,1,1
https://en.wikipedia.org/wiki/Samsung_Galaxy_S_II_Plus,0,1,1
https://en.wikipedia.org/wiki/Samsung_Galaxy_J7_(2017),0,1,1
https://en.wikipedia.org/wiki/Samsung_Galaxy_Avant,0,1,1
https://en.wikipedia.org/w/index.php?title=Samsung_R%26D_Institute_Poland&action=edit&redlink=1,0,1,1
https://en.wikipedia.org/wiki/Thailand,0,1,1
https://en.wikipedia.org/w/index.php?title=Samsung_Galaxy&action=edit&section=17,0,1,1
https://hu.wikipedia.org/wiki/Samsung_Galaxy,0,1,1
https://en.wikipedia.org/wiki/Samsung_Galaxy_A23_5G,0,1,1
https://en.wikipedia.org/w/index.php?title=Samsung_Galaxy&oldid=1250038622,0,1,1
http://engadget.com/2010/11/15/samsung-galaxy-550-prepping-for-low-end-android-duty-on-virgin-m/,0,1,1
https://en.wikipedia.org/wiki/Samsung_Wave_525,0,1,1
https://en.wikipedia.org/wiki/Samsung_Galaxy#cite_note-zdnet1-22,0,1,1
https://en.wikipedia.org/wiki/Samsung_Galaxy#cite_ref-16,0,1,1
https://en.wikipedia.org/wiki/Samsung_Galaxy_S6_Edge%2B,0,1,1
https://en.wikipedia.org/wiki/Samsung_U940_Glyde,0,1,1
https://en.wikipedia.org/wiki/Samsung_Galaxy#cite_note-Over_the_Horizon_(S20_Theme)-97,0,1,1
https://en.wikipedia.org/wiki/Samsung_Galaxy_M_series,0,1,1
http://reviews.cnet.co.uk/mobile-phones/samsung-galaxy-europa-gt-i5500-review-50001001,0,1,1
https://en.wikipedia.org/wiki/Samsung_Galaxy_A15_5G,0,1,1
https://en.wikipedia.org/wiki/Samsung_Galaxy_A03s,0,1,1
https://en.wikipedia.org/wiki/Samsung_Galaxy_S7,0,1,1
https://en.wikipedia.org/wiki/Samsung_Galaxy_M53_5G,0,1,1
https://en.wikipedia.org/wiki/Samsung_Galaxy#cite_ref-Compare_models_for_the_perfect_fit_18-0,0,1,1
"https://en.wikipedia.org/wiki/Samsung_Galaxy#cite_ref-Differences_between_Galaxy_Buds+,_Galaxy_Buds_Live,_and_Galaxy_Buds_Pro_19-0",0,1,1
https://en.wikipedia.org/wiki/Samsung_Galaxy_Win,0,1,1
https://en.wikipedia.org/w/index.php?title=Samsung_Galaxy&action=edit&section=36,0,1,1
https://en.wikipedia.org/w/index.php?title=Samsung_Research_America&action=edit&redlink=1,0,1,1
https://en.wikipedia.org/wiki/Samsung_Galaxy_J3,0,1,1
https://en.wikipedia.org/w/index.php?title=Samsung_Galaxy_A16_5G&action=edit&redlink=1,0,1,1
https://en.wikipedia.org/wiki/Samsung_Galaxy_Prevail,0,1,1
https://en.wikipedia.org/wiki/Samsung_SCH-U700,0,1,1
https://id.wikipedia.org/wiki/Samsung_Galaxy,0,1,1
https://en.wikipedia.org/wiki/Samsung_Galaxy#cite_ref-9,0,1,1
https://en.wikipedia.org/wiki/Template:Samsung_Galaxy_wearables,0,1,1
https://en.wikipedia.org/wiki/Samsung_Ultra_Edition,0,1,1
https://en.wikipedia.org/wiki/Samsung_Galaxy_Discover,0,1,1
https://www.theverge.com/2014/11/12/7210697/samsung-has-built-its-own-version-of-apples-continuity-called-flow,0,1,1
https://techcrunch.com/2009/04/27/samsung-i7500-android-finally-arrives-in-korea/,0,1,1
https://en.wikipedia.org/w/index.php?title=Samsung_Galaxy&action=edit&section=32,0,1,1
https://en.wikipedia.org/wiki/Samsung_Galaxy#cite_note-Over_The_Horizon_(2015)_Making_Process_by_삼성전자_뉴스룸_[Samsung_Newsroom]-88,0,1,1
https://en.wikipedia.org/wiki/Samsung_Galaxy#cite_ref-27,0,1,1
https://donate.wikimedia.org/wiki/Special:FundraiserRedirector?utm_source=donate&utm_medium=sidebar&utm_campaign=C13_en.wikipedia.org&uselang=en,0,1,1
https://en.wikipedia.org/wiki/Samsung_Wave_575,0,1,1
https://en.wikipedia.org/wiki/ChromeOS,0,1,1
https://en.wikipedia.org/wiki/Special:EditPage/Template:Samsung_Galaxy_S,0,1,1
https://en.wikipedia.org/wiki/Samsung_Galaxy#cite_note-Pétur_Jónsson’s_‘Over_the_Horizon’_Takes_New_Galaxy_Smartphone_Users_on_a_Soundscape_Journey-94,0,1,1
https://en.wikipedia.org/wiki/Vodafone_360_Samsung_M1,0,1,1
https://en.wikipedia.org/wiki/Samsung_Galaxy_F04,0,1,1
https://en.wikipedia.org/wiki/Samsung_SPH-A503,0,1,1
https://en.wikipedia.org/wiki/Samsung_Galaxy_Z_Fold_5,0,1,1
https://en.wikipedia.org/wiki/Samsung_SCH-U470,0,1,1
https://en.wikipedia.org/wiki/Category:Articles_with_short_description,0,1,1
https://en.wikipedia.org/wiki/Samsung_Galaxy#cite_note-Over_The_Horizon_(2016)-89,0,1,1
https://en.wikipedia.org/wiki/Steven_Price_(composer),0,1,1
https://en.wikipedia.org/wiki/Samsung_Galaxy#cite_ref-Ace3_34-0,0,1,1
https://en.wikipedia.org/wiki/Samsung_SGH-E700,0,1,1
https://en.wikipedia.org/wiki/Samsung_Knox,0,1,1
https://en.wikipedia.org/wiki/Samsung_Display,0,1,1
https://en.wikipedia.org/wiki/Classical_crossover,0,1,1
https://en.wikipedia.org/wiki/Samsung_Galaxy_A3_(2015),0,1,1
http://www.gsmarena.com/samsung_i9070_galaxy_s_advance-4469.php,0,1,1
https://en.wikipedia.org/wiki/Samsung_Galaxy_A20,0,1,1
https://en.wikipedia.org/wiki/Samsung_Galaxy_J2_(2017),0,1,1
https://en.wikipedia.org/w/index.php?title=Samsung_Galaxy&action=edit&section=41,0,1,1
https://en.wikipedia.org/wiki/Samsung_Galaxy_A6_(2018),0,1,1
https://en.wikipedia.org/wiki/Samsung_A767_Propel,0,1,1
https://en.wikipedia.org/wiki/Bixby_(software),0,1,1
http://web.archive.org/web/20220218082917/https://news.samsung.com/global/over-the-horizon-2022-illustrates-a-heartfelt-vision-for-the-new-world,0,1,1
https://en.wikipedia.org/wiki/Samsung_Galaxy_J3_(2018),0,1,1
https://en.wikipedia.org/wiki/Samsung_Galaxy_Feel,0,1,1
https://en.wikipedia.org/wiki/Samsung_SGH-X427m,0,1,1
https://es.wikipedia.org/wiki/Samsung_Galaxy_(gama),0,1,1
https://en.wikipedia.org/wiki/File:Fit3.webp,0,1,1
https://en.wikipedia.org/wiki/Samsung_S8000_Jet,0,1,1
https://en.wikipedia.org/wiki/Samsung_Galaxy#cite_ref-28,0,1,1
https://en.wikipedia.org/wiki/Rock_music,0,1,1
https://www.engadget.com/2011/01/26/samsung-galaxy-ace-galaxy-fit-galaxy-gio-and-galaxy-mini-fill/,0,1,1
https://en.wikipedia.org/wiki/Samsung_R810_Finesse,0,1,1
https://en.wikipedia.org/wiki/Samsung_Galaxy_Watch_6,0,1,1
https://en.wikipedia.org/wiki/Samsung_Galaxy_Young,0,1,1
https://en.wikipedia.org/wiki/Samsung_Galaxy_A03,0,1,1
http://www.mobilesyrup.com/2012/03/06/bell-to-release-the-samsung-galaxy-rugby-and-sonim-xp5520-bolt/,0,1,1
https://en.wikipedia.org/wiki/Computing,0,1,1
https://en.wikipedia.org/wiki/Samsung_Galaxy#cite_ref-2011model_51-2,0,1,1
https://en.wikipedia.org/wiki/Samsung_Galaxy_A60,0,1,1
https://en.wikipedia.org/wiki/Samsung_Galaxy_S6,0,1,1
https://en.wikipedia.org/wiki/Samsung_Galaxy_Folder,0,1,1
https://www.engadget.com/2011/08/20/samsung-galaxy-precedent-coming-to-straight-talk-seemingly-150/,0,1,1
https://en.wikipedia.org/w/index.php?title=Samsung_Galaxy&printable=yes,0,1,1
https://en.wikipedia.org/wiki/Samsung_YEPP,0,1,1
https://en.wikipedia.org/wiki/Samsung_Galaxy_M21,0,1,1
https://en.wikipedia.org/wiki/Samsung_Internet,0,1,1
https://en.wikipedia.org/wiki/Jazztronica,0,1,1
https://en.wikipedia.org/w/index.php?title=Samsung_Galaxy_Fit_3&action=edit&redlink=1,0,1,1
https://en.wikipedia.org/wiki/Samsung_Galaxy#cite_ref-30,0,1,1
https://en.wikipedia.org/wiki/Samsung_SGH-T319,0,1,1
"https://en.wikipedia.org/wiki/Samsung_R%26D_Institute_India,_Bangalore",0,1,1
https://www.youtube.com/watch?v=dyXjbPKIQMc,0,1,1
https://en.wikipedia.org/wiki/Windows_Mobile,0,1,1
https://en.wikipedia.org/wiki/Samsung_Galaxy_Nexus,0,1,1
https://en.wikipedia.org/wiki/Category:Samsung_Electronics,0,1,1
https://en.wikipedia.org/wiki/Samsung_Global_Scholarship_Program,0,1,1
https://en.wikipedia.org/wiki/Samsung_Galaxy_Note_7,0,1,1
https://en.wikipedia.org/wiki/Samsung_Galaxy_Ace_Plus,0,1,1
https://en.wikipedia.org/wiki/London_Philharmonic_Orchestra,0,1,1
"https://en.wikipedia.org/w/index.php?title=Samsung_R%26D_Institute_China,_Tianjin&action=edit&redlink=1",0,1,1
https://en.wikipedia.org/wiki/Samsung_Omnia_M,0,1,1
https://en.wikipedia.org/wiki/Samsung_Galaxy_S4_Active,0,1,1
https://en.wikipedia.org/wiki/Samsung_Galaxy#cite_ref-50,0,1,1
https://en.wikipedia.org/wiki/Samsung_Galaxy_A23,0,1,1
https://en.wikipedia.org/wiki/UNISOC,0,1,1
https://en.wikipedia.org/wiki/Samsung_Z2,0,1,1
https://en.wikipedia.org/wiki/Samsung_Galaxy_A5_(2016),0,1,1
https://en.wikipedia.org/wiki/Category:Articles_containing_Korean-language_text,0,1,1
https://en.wikipedia.org/w/index.php?title=Samsung_Galaxy&action=edit&section=42,0,1,1
https://en.wikipedia.org/wiki/Samsung_Ativ_SE,0,1,1
https://en.wikipedia.org/wiki/Samsung_Galaxy_A35_5G,0,1,1
http://web.archive.org/web/20160305142101/https://news.samsung.com/global/what-are-dirty-loops-doing-to-over-the-horizon,0,1,1
https://www.engadget.com/2012/02/25/samsung-unveils-new-galaxy-beam-smartphone-projector-combo-wit/,0,1,1
https://en.wikipedia.org/wiki/Bada,0,1,1
https://en.wikipedia.org/wiki/Samsung_Anycall,0,1,1
https://en.wikipedia.org/wiki/Samsung_Galaxy_Note_Fan_Edition,0,1,1
https://en.wikipedia.org/wiki/Samsung_Galaxy_Note_Pro_12.2,0,1,1
https://en.wikipedia.org/wiki/Samsung_Galaxy_F62,0,1,1
https://www.wikidata.org/wiki/Special:EntityPage/Q493064,0,1,1
https://en.wikipedia.org/wiki/Samsung_Galaxy_A52,0,1,1
https://news.samsung.com/global/over-the-horizon-2022-illustrates-a-heartfelt-vision-for-the-new-world,0,1,1
https://en.wikipedia.org/wiki/Category:All_articles_lacking_reliable_references,0,1,1
https://en.wikipedia.org/wiki/Apple_Inc._v._Samsung_Electronics_Co.,0,1,1
https://web.archive.org/web/20190923051806/https://www.gsmarena.com/samsung_s7710_galaxy_xcover_2-5263.php,0,1,1
https://en.wikipedia.org/wiki/Samsung_Galaxy#cite_note-Samsung_and_Jacob_Collier_Collaborate_on_New_Galaxy_Smartphones’_‘Over_the_Horizon’-92,0,1,1
https://en.wikipedia.org/wiki/Samsung_Infuse_4G,0,1,1
"https://en.wikipedia.org/w/index.php?title=Samsung_R%26D_Institute_China,_Nanjing&action=edit&redlink=1",0,1,1
http://techcentral.my/news/story.aspx?file=/2010/9/30/it_news/20100930165444&sec=it_news,0,1,1
https://en.wikipedia.org/wiki/Category:Webarchive_template_wayback_links,0,1,1
https://en.wikipedia.org/wiki/Samsung_Galaxy_Xcover_2,0,1,1
https://en.wikipedia.org/wiki/Samsung_Galaxy#cite_ref-1,0,1,1
https://en.wikipedia.org/wiki/Suga_(rapper),0,1,1
https://en.wikipedia.org/wiki/Samsung_Galaxy_Tab_S7_FE,0,1,1
https://news.samsung.com/global/pianist-yiruma-reimagines-over-the-horizon-to-inspire-hope-and-optimism,0,1,1
https://web.archive.org/web/20170709220143/https://techcrunch.com/2009/04/27/samsung-i7500-android-finally-arrives-in-korea/,0,1,1
https://en.wikipedia.org/wiki/Samsung_Galaxy_Tab_S4,0,1,1
https://de.wikipedia.org/wiki/Samsung_Galaxy,0,1,1
https://en.wikipedia.org/wiki/Samsung_Galaxy_Player,0,1,1
https://en.wikipedia.org/wiki/Samsung_Galaxy_Pocket_Duos,0,1,1
https://news.samsung.com/global/from-rock-to-classical-pop-crossovers-new-ocean-inspired-over-the-horizon-celebrates-10th-anniversary-of-galaxy-series,0,1,1
https://en.wikipedia.org/wiki/Samsung_WatchON,0,1,1
https://en.wikipedia.org/wiki/Samsung_Galaxy_S23_Ultra,0,1,1
https://en.wikipedia.org/wiki/Samsung_Galaxy_A31,0,1,1
https://web.archive.org/web/20120520122024/http://www.engadget.com/2011/08/11/samsung-galaxy-s-plus-gets-placed-in-loving-hands-photographed/,0,1,1
https://en.wikipedia.org/wiki/Samsung_Galaxy_Ace,0,1,1
https://en.wikipedia.org/w/index.php?title=Samsung_Galaxy&action=edit&section=13,0,1,1
https://en.wikipedia.org/wiki/Samsung_Galaxy_(esports),0,1,1
https://en.wikipedia.org/wiki/Samsung_Galaxy#cite_note-20,0,1,1
https://en.wikipedia.org/wiki/Samsung_Galaxy#cite_ref-Over_The_Horizon_(2016)_89-0,0,1,1
https://ru.wikipedia.org/wiki/Samsung_Galaxy,0,1,1
https://ar.wikipedia.org/wiki/%D8%B3%D8%A7%D9%85%D8%B3%D9%88%D9%86%D8%AC_%D8%AC%D8%A7%D9%84%D9%83%D8%B3%D9%8A,0,1,1
https://en.wikipedia.org/wiki/Samsung_Galaxy_A41,0,1,1
https://en.wikipedia.org/w/index.php?title=Samsung_Galaxy&action=edit&section=34,0,1,1
https://en.wikipedia.org/wiki/Samsung_Galaxy#cite_note-74,0,1,1
https://en.wikipedia.org/w/index.php?title=Samsung_Galaxy_C55_5G&action=edit&redlink=1,0,1,1
https://en.wikipedia.org/wiki/Portal:Telephones,0,1,1
https://en.wikipedia.org/wiki/Samsung_Galaxy#cite_ref-AceandMini_45-1,0,1,1
https://en.wikipedia.org/wiki/Samsung_SGH-T819,0,1,1
http://www.samsung.com/th/support/model/GT-S5830RWATHL-techspecs,0,1,1
https://en.wikipedia.org/wiki/Samsung_Galaxy#cite_note-A_Harmonious_Blend_of_Nature_and_Tradition:_Behind_the_Scenes_of_2024’s_‘Over_the_Horizon’-106,0,1,1
https://web.archive.org/web/20120623192457/http://www.gsmarena.com/galaxy_s_iii_gets_9_million_preorders_from_100_global_carriers-news-4264.php,0,1,1
https://en.wikipedia.org/wiki/Samsung_E1107,0,1,1
https://en.wikipedia.org/wiki/Samsung_SGH-T459,0,1,1
https://en.wikipedia.org/wiki/Samsung_Galaxy#cite_note-60,0,1,1
https://en.wikipedia.org/wiki/Samsung_Galaxy_Note_9,0,1,1
https://en.wikipedia.org/wiki/Samsung_SGH-U600,0,1,1
https://en.wikipedia.org/w/index.php?title=Samsung_SGH-X636&action=edit&redlink=1,0,1,1
http://web.archive.org/web/20210129131634/https://news.samsung.com/global/pianist-yiruma-reimagines-over-the-horizon-to-inspire-hope-and-optimism,0,1,1
https://en.wikipedia.org/wiki/Samsung_Galaxy_J7_Prime,0,1,1
https://en.wikipedia.org/wiki/Google_Nexus,0,1,1
https://web.archive.org/web/20180926051816/https://eoto.tech/samsung-galaxy-a8-star-launch-india-full-specs-pricing/,0,1,1
https://en.wikipedia.org/wiki/Samsung_Galaxy#cite_note-Over_The_Horizon_(2019)_by_London_Philharmonic_Orchestra-95,0,1,1
https://en.wikipedia.org/wiki/Samsung_Galaxy#Release_history,0,1,1
https://en.wikipedia.org/wiki/Samsung_Galaxy_M13,0,1,1
https://en.wikipedia.org/wiki/Samsung_Galaxy#cite_ref-Samsung_Galaxy_Buds_17-0,0,1,1
https://en.wikipedia.org/wiki/Samsung_Galaxy_S21,0,1,1
https://en.wikipedia.org/w/index.php?title=Samsung_R%26D_Institute_Brazil&action=edit&redlink=1,0,1,1
https://en.wikipedia.org/wiki/Commonwealth_of_Independent_States,0,1,1
https://en.wikipedia.org/wiki/Samsung_Galaxy#cite_ref-25,0,1,1
https://en.wikipedia.org/wiki/Samsung_Galaxy#cite_ref-Over_The_Horizon_(2022)_101-0,0,1,1
https://la.wikipedia.org/wiki/Samsung_Galaxy,0,1,1
https://en.wikipedia.org/wiki/Samsung_Galaxy#cite_note-58,0,1,1
https://en.wikipedia.org/wiki/Samsung_Galaxy_Fold,0,1,1
https://en.wikipedia.org/wiki/Samsung_SPH-M300,0,1,1
https://en.wikipedia.org/w/index.php?title=Samsung_Galaxy&action=edit&section=7,0,1,1
https://en.wikipedia.org/wiki/Main_Page,0,1,1
https://en.wikipedia.org/wiki/Samsung_Galaxy#cite_note-26,0,1,1
https://en.wikipedia.org/wiki/Samsung_Galaxy#cite_ref-Pianist_Yiruma_Reimagines_‘Over_the_Horizon’_To_Inspire_Hope_and_Optimism_100-0,0,1,1
https://sk.wikipedia.org/wiki/Samsung_Galaxy,0,1,1
https://en.wikipedia.org/wiki/Samsung_Galaxy_J6%2B,0,1,1
https://en.wikipedia.org/wiki/Samsung_Galaxy_Xcover,0,1,1
https://en.wikipedia.org/wiki/Samsung_Galaxy#cite_ref-68,0,1,1
https://en.wikipedia.org/wiki/Special:MyTalk,0,1,1
https://web.archive.org/web/20120506101435/http://www.phonearena.com/phones/Samsung-Galaxy-Ace-Plus_id6785,0,1,1
https://en.wikipedia.org/wiki/Samsung_SCH-U520,0,1,1
https://en.wikipedia.org/wiki/Special:EditPage/Template:Samsung_phones,0,1,1
https://en.wikipedia.org/wiki/Samsung_Galaxy#Smartwatches,0,1,1
https://web.archive.org/web/20140324221453/http://www.samsung.com/it/consumer/mobile-devices/smartphones/smartphones/GT-S5570EGAITV,0,1,1
https://en.wikipedia.org/wiki/Samsung_Replenish,0,1,1
https://en.wikipedia.org/wiki/Template:Samsung_Galaxy_A,0,1,1
https://en.wikipedia.org/wiki/Samsung_Galaxy#cite_note-31,0,1,1
https://en.wikipedia.org/wiki/Samsung_Galaxy_A24,0,1,1
https://en.wikipedia.org/wiki/Samsung_Galaxy#cite_ref-Samsung_and_Jacob_Collier_Collaborate_on_New_Galaxy_Smartphones’_‘Over_the_Horizon’_92-0,0,1,1
https://en.wikipedia.org/wiki/Samsung_Galaxy_Book,0,1,1
https://en.wikipedia.org/wiki/Samsung_Focus_S,0,1,1
https://en.wikipedia.org/wiki/Samsung_Galaxy_A8,0,1,1
https://en.wikipedia.org/wiki/Samsung_Galaxy_Watch_series,0,1,1
http://web.archive.org/web/20190914113836/https://news.samsung.com/global/from-rock-to-classical-pop-crossovers-new-ocean-inspired-over-the-horizon-celebrates-10th-anniversary-of-galaxy-series,0,1,1
https://en.wikipedia.org/wiki/Samsung_SGH-A877,0,1,1
https://en.wikipedia.org/wiki/Wikipedia:Citation_needed,0,1,1
https://en.wikipedia.org/wiki/Samsung_E1195,0,1,1
https://en.wikipedia.org/wiki/Samsung_Galaxy_A71_5G_UW,0,1,1
https://en.wikipedia.org/wiki/Samsung_SGH-i900,0,1,1
https://en.wikipedia.org/wiki/Samsung_Fascinate,0,1,1
https://en.wikipedia.org/wiki/Samsung_Galaxy_Z_Fold_6,0,1,1
https://en.wikipedia.org/wiki/Samsung_Galaxy#cite_note-16,0,1,1
https://web.archive.org/web/20120419182140/http://www.engadget.com/2011/08/20/samsung-galaxy-precedent-coming-to-straight-talk-seemingly-150,0,1,1
http://web.archive.org/web/20180219202915/https://news.samsung.com/global/petur-jonssons-over-the-horizon-takes-new-galaxy-smartphone-users-on-a-soundscape-journey,0,1,1
https://en.wikipedia.org/wiki/Samsung_Galaxy#cite_note-Over_The_Horizon_(2024)-105,0,1,1
https://en.wikipedia.org/wiki/Samsung_Galaxy#Samsung_Galaxy_A_series,0,1,1
https://en.wikipedia.org/wiki/Samsung_Galaxy#Laptops_and_convertibles,0,1,1
https://en.wikipedia.org/wiki/Samsung_Galaxy_J5_(2016),0,1,1
https://en.wikipedia.org/wiki/Samsung_Galaxy_A82,0,1,1
https://en.wikipedia.org/wiki/BTS,0,1,1
https://en.wikipedia.org/wiki/Samsung_Galaxy#India,0,1,1
https://ja.wikipedia.org/wiki/SC-01H,0,1,1
https://en.wikipedia.org/wiki/Samsung_Miniket,0,1,1
https://en.wikipedia.org/wiki/Samsung_Galaxy_A40,0,1,1
https://en.wikipedia.org/wiki/Samsung_Galaxy_Watch_4,0,1,1
https://en.wikipedia.org/wiki/Samsung_Galaxy_Portal,0,1,1
https://en.wikipedia.org/wiki/Special:EditPage/Template:Samsung_Galaxy_M,0,1,1
https://en.wikipedia.org/w/index.php?title=Special:UserLogin&returnto=Samsung+Galaxy,0,1,1
https://en.wikipedia.org/wiki/Samsung_Wave_III_s8600,0,1,1
https://en.wikipedia.org/wiki/Samsung_Galaxy_A70,0,1,1
https://en.wikipedia.org/wiki/Samsung_Galaxy#cite_ref-11,0,1,1
https://en.wikipedia.org/wiki/Samsung_M800_Instinct,0,1,1
https://en.wikipedia.org/w/index.php?title=Samsung_Galaxy&action=edit&section=21,0,1,1
https://en.wikipedia.org/wiki/Samsung_Galaxy_S6_Edge,0,1,1
https://en.wikipedia.org/wiki/Samsung_Galaxy#cite_note-Over_The_Horizon_(2017)_by_Jacob_Collier-91,0,1,1
https://en.wikipedia.org/wiki/Lee_Jae-yong_(businessman),0,1,1
https://en.wikipedia.org/wiki/Samsung_Galaxy#cite_ref-46,0,1,1
https://en.wikipedia.org/wiki/Samsung_E1170,0,1,1
https://en.wikipedia.org/wiki/Samsung_Galaxy_A15,0,1,1
https://en.wikipedia.org/wiki/Samsung_Galaxy#cite_ref-MWC2011_63-2,0,1,1
https://www.engadget.com/2010/08/16/epic-4g-review/,0,1,1
https://en.wikipedia.org/wiki/Samsung_Galaxy#cite_ref-What_Are_Dirty_Loops_Doing_to_‘Over_the_Horizon’?_90-0,0,1,1
https://en.wikipedia.org/wiki/Special:EditPage/Template:Samsung_Galaxy_F,0,1,1
https://en.wikipedia.org/wiki/Samsung_Galaxy_C7,0,1,1
https://web.archive.org/web/20200610021733/https://www.sammobile.com/2019/05/20/one-ui-update-for-galaxy-watch-gear-s3-gear-sport/,0,1,1
https://en.wikipedia.org/wiki/Samsung_Galaxy#cite_ref-Samsung_Galaxy_Chromebook_2_4-0,0,1,1
https://en.wikipedia.org/wiki/Samsung_Corby,0,1,1
https://en.wikipedia.org/wiki/Samsung_M910_Intercept,0,1,1
https://news.samsung.com/global/petur-jonssons-over-the-horizon-takes-new-galaxy-smartphone-users-on-a-soundscape-journey,0,1,1
https://en.wikipedia.org/wiki/Samsung_Galaxy_Z_Fold,0,1,1
http://www.jamiechristopherson.com/Projects/Various/Samsung.html,0,1,1
https://en.wikipedia.org/wiki/Talk:Samsung_Galaxy,0,1,1
https://en.wikipedia.org/wiki/Samsung_Galaxy_S23_FE,0,1,1
https://en.wikipedia.org/wiki/Samsung_Galaxy#cite_ref-35,0,1,1
https://en.wikipedia.org/wiki/Galaxy_Camera,0,1,1
https://en.wikipedia.org/wiki/Samsung_Galaxy#cite_note-84,0,1,1
https://en.wikipedia.org/wiki/Samsung_Galaxy_Xcover_Pro,0,1,1
https://en.wikipedia.org/wiki/Samsung_Galaxy_R,0,1,1
https://web.archive.org/web/20120414160223/http://www.engadget.com/2011/08/10/samsung-galaxy-r-officially-announced-for-europe-and-asia-nobod,0,1,1
https://en.wikipedia.org/wiki/Samsung_Galaxy_A3_(2016),0,1,1
https://en.wikipedia.org/wiki/AOL,0,1,1
https://en.wikipedia.org/wiki/Samsung_Galaxy_TabPro_S,0,1,1
https://en.wikipedia.org/wiki/Smartwatch,0,1,1
https://en.wikipedia.org/wiki/Template_talk:Samsung_smartphones,0,1,1
https://en.wikipedia.org/wiki/Samsung_Galaxy#cite_ref-Note01_49-0,0,1,1
https://web.archive.org/web/20111113163719/http://www.engadget.com/2011/11/11/samsung-galaxy-s-ii-skyrocket-review,0,1,1
https://en.wikipedia.org/w/index.php?title=Samsung_R%26D_Institute_Russia&action=edit&redlink=1,0,1,1
https://en.wikipedia.org/wiki/Samsung_Beam_i8520,0,1,1
https://en.wikipedia.org/wiki/Galaxy_Buds_Pro,0,1,1
https://en.wikipedia.org/wiki/Samsung_Galaxy_S8_Active,0,1,1
https://en.wikipedia.org/wiki/Samsung_Galaxy_Cooper,0,1,1
https://foundation.wikimedia.org/wiki/Special:MyLanguage/Policy:Terms_of_Use,0,1,1
https://en.wikipedia.org/wiki/Samsung_Galaxy#cite_note-48,0,1,1
https://en.wikipedia.org/wiki/Samsung_Galaxy_S23,0,1,1
https://web.archive.org/web/20120512062703/http://www.engadget.com/2011/12/22/samsung-launches-two-dual-sim-galaxy-y-phones-for-carrier-cheate/,0,1,1
https://en.wikipedia.org/wiki/Samsung_Galaxy_J2_Core,0,1,1
https://en.wikipedia.org/wiki/Samsung_Galaxy_C9_Pro,0,1,1
https://en.wikipedia.org/wiki/Samsung_Galaxy#cite_note-65,0,1,1
https://en.wikipedia.org/w/index.php?title=Samsung_Galaxy_Fit_2&action=edit&redlink=1,0,1,1
https://en.wikipedia.org/w/index.php?title=Samsung_SGH-E351&action=edit&redlink=1,0,1,1
https://www.lifewire.com/what-is-samsung-flow-app-4588304,0,1,1
https://en.wikipedia.org/wiki/Samsung_Galaxy_J7%2B,0,1,1
https://en.wikipedia.org/wiki/Samsung_Galaxy_M34_5G,0,1,1
https://en.wikipedia.org/wiki/Samsung_Galaxy#cite_note-Note01-49,0,1,1
https://en.wikipedia.org/wiki/ChatON,0,1,1
https://en.wikipedia.org/wiki/Samsung_Galaxy_Z_Fold_3,0,1,1
https://en.wikipedia.org/wiki/Samsung_Wallet,0,1,1
https://en.wikipedia.org/wiki/Samsung_Galaxy#cite_note-25,0,1,1
https://en.wikipedia.org/wiki/Samsung_Galaxy#cite_ref-38,0,1,1
https://en.wikipedia.org/wiki/Samsung_Galaxy_S_(2010_smartphone),0,1,1
https://en.wikipedia.org/wiki/Samsung_Galaxy_Tab_S9,0,1,1
https://en.wikipedia.org/wiki/Samsung_Galaxy#cite_ref-53,0,1,1
https://en.wikipedia.org/wiki/Nvidia_Tegra,0,1,1
https://en.wikipedia.org/wiki/Samsung_Galaxy_A7_(2015),0,1,1
https://en.wikipedia.org/wiki/Samsung_Galaxy_Watch_7,0,1,1
https://en.wikipedia.org/wiki/Template_talk:Samsung_Electronics,0,1,1
https://en.wikipedia.org/wiki/Eric_B._Kim,0,1,1
https://en.wikipedia.org/wiki/Samsung_Galaxy#Current_series,0,1,1
https://en.wikipedia.org/wiki/Palm_OS,0,1,1
https://en.wikipedia.org/wiki/Samsung_Galaxy#cite_ref-samsung1_21-1,0,1,1
https://en.wikipedia.org/wiki/Samsung_Galaxy#Wireless_earbuds,0,1,1
https://en.wikipedia.org/wiki/Samsung_SPH-G1000,0,1,1
https://zu.wikipedia.org/wiki/Samsung_Galaxy,0,1,1
https://en.wikipedia.org/wiki/Samsung_Galaxy_Buds_series#Galaxy_Buds_3_Pro,0,1,1
https://en.wikipedia.org/wiki/Samsung_SGH-X820,0,1,1
https://en.wikipedia.org/wiki/Samsung_Galaxy#cite_note-Samsung_Galaxy_Chromebook-3,0,1,1
https://en.wikipedia.org/wiki/Samsung_Galaxy#cite_note-79,0,1,1
https://en.wikipedia.org/wiki/Samsung_Galaxy_J2_(2018),0,1,1
https://en.wikipedia.org/wiki/Samsung_Galaxy_A14,0,1,1
https://www.engadget.com/2011/02/13/samsung-galaxy-s-ii-official-tegra-2-4-3-inch-super-amoled-plu/,0,1,1
https://en.wikipedia.org/wiki/Android_(operating_system),0,1,1
https://en.wikipedia.org/wiki/Samsung_B3410,0,1,1
https://en.wikipedia.org/w/index.php?title=Samsung_Galaxy_M55_5G&action=edit&redlink=1,0,1,1
https://en.wikipedia.org/wiki/Samsung_Galaxy#cite_note-66,0,1,1
https://en.wikipedia.org/wiki/Category:Short_description_matches_Wikidata,0,1,1
https://en.wikipedia.org/wiki/Wikipedia:Text_of_the_Creative_Commons_Attribution-ShareAlike_4.0_International_License,0,1,1
https://en.wikipedia.org/w/index.php?title=Samsung_Galaxy_V_Plus&action=edit&redlink=1,0,1,1
https://en.wikipedia.org/wiki/Comparison_of_Samsung_Galaxy_S_smartphones,0,1,1
https://en.wikipedia.org/wiki/Samsung_Galaxy#Regions,0,1,1
https://en.wikipedia.org/wiki/Samsung_Galaxy_On5_(2016),0,1,1
https://en.wikipedia.org/wiki/Category:CS1_maint:_numeric_names:_authors_list,0,1,1
https://web.archive.org/web/20181108025750/https://www.manualdevices.com/samsung-galaxy-c5-pro-specification-and-user-manual/,0,1,1
https://www.engadget.com/2011/04/25/samsung-prevail-review/,0,1,1
https://en.wikipedia.org/wiki/Wikipedia:File_upload_wizard,0,1,1
https://techcrunch.com/2009/11/16/samsung-announces-new-android-powered-galaxy-spica-i5700/,0,1,1
https://en.wikipedia.org/wiki/Viv_(software),0,1,1
https://en.wikipedia.org/wiki/Samsung_Galaxy_A04e,0,1,1
https://en.wikipedia.org/wiki/Samsung_Galaxy_A35,0,1,1
https://en.wikipedia.org/w/index.php?title=Special:UrlShortener&url=https%3A%2F%2Fen.wikipedia.org%2Fwiki%2FSamsung_Galaxy,0,1,1
https://en.wikipedia.org/wiki/Samsung_Galaxy_Buds_series,0,1,1
https://en.wikipedia.org/wiki/Samsung_Galaxy_A7_(2018),0,1,1
https://www.youtube.com/watch?v=4-siHP8YjhI,0,1,1
https://en.wikipedia.org/wiki/PENUP,0,1,1
https://en.wikipedia.org/wiki/Samsung_Galaxy#Media_player,0,1,1
https://en.wikipedia.org/wiki/Laptop_computer,0,1,1
https://en.wikipedia.org/wiki/Samsung_Galaxy#cite_ref-zdnet1_22-1,0,1,1
https://en.wikipedia.org/wiki/Samsung_Galaxy#cite_ref-41,0,1,1
https://www.mediawiki.org/,0,1,1
https://www.engadget.com/2011/10/26/samsung-exhibit-ii-4g-to-be-shown-off-for-t-mobile-at-walmart-to/,0,1,1
https://en.wikipedia.org/wiki/Broadcom,0,1,1
https://en.wikipedia.org/w/index.php?title=Samsung_SGH-X830&action=edit&redlink=1,0,1,1
https://www.tomsguide.com/how-to/how-to-use-samsung-multi-control,0,1,1
https://en.wikipedia.org/wiki/Samsung_Kies,0,1,1
https://en.wikipedia.org/w/index.php?title=Samsung_R%26D_Institute_China-Xian&action=edit&redlink=1,0,1,1
https://en.wikipedia.org/wiki/Samsung_Galaxy#cite_ref-23,0,1,1
https://en.wikipedia.org/wiki/Samsung_Galaxy_F23_5G,0,1,1
https://en.wikipedia.org/wiki/India,0,1,1
https://en.wikipedia.org/wiki/Tizen,0,1,1
https://en.wikipedia.org/wiki/Samsung_i627_Propel_Pro,0,1,1
https://en.wikipedia.org/wiki/Samsung_Galaxy_M35_5G,0,1,1
https://en.wikipedia.org/wiki/Samsung_Galaxy#References,0,1,1
https://en.wikipedia.org/wiki/Samsung_Group,0,1,1
https://en.wikipedia.org/w/index.php?title=San_Jose_Lab&action=edit&redlink=1,0,1,1
https://en.wikipedia.org/wiki/Kwon_Oh-hyun,0,1,1
https://en.wikipedia.org/wiki/Quick_Share,0,1,1
https://en.wikipedia.org/wiki/Samsung_Galaxy_Pocket_Plus,0,1,1
https://en.wikipedia.org/wiki/Samsung_Galaxy_Z_series,0,1,1
https://en.wikipedia.org/wiki/Samsung_Galaxy_S6_Active,0,1,1
https://en.wikipedia.org/wiki/Samsung_Galaxy_M23,0,1,1
https://en.wikipedia.org/wiki/Samsung_SPH-B5200,0,1,1
https://en.wikipedia.org/wiki/Samsung_Galaxy_Spica,0,1,1
https://www.engadget.com/2010/08/02/samsung-galaxy-u-and-galaxy-k-add-to-the-alphabet-soup-in-south/,0,1,1
https://en.wikipedia.org/wiki/Template:Samsung_Galaxy_M,0,1,1
https://en.wikipedia.org/wiki/Samsung_Galaxy_Note_3_Neo,0,1,1
https://en.wikipedia.org/wiki/SRBD,0,1,1
https://en.wikipedia.org/wiki/Samsung_Galaxy_Buds_series#Galaxy_Buds_2,0,1,1
https://web.archive.org/web/20140306135614/http://www.everythingandroid.org/samsung-and-att-introduce-rugby-smart-built-for-extreme-conditions/,0,1,1
https://en.wikipedia.org/w/index.php?title=Samsung_Galaxy&action=edit&section=25,0,1,1
https://en.wikipedia.org/wiki/Galaxy_Buds%2B,0,1,1
https://en.wikipedia.org/wiki/Special:EditPage/Template:Samsung_Galaxy_J,0,1,1
https://en.wikipedia.org/wiki/Template:Samsung_Electronics,0,1,1
https://en.wikipedia.org/w/index.php?title=Template_talk:Samsung_Galaxy_J&action=edit&redlink=1,0,1,1
https://en.wikipedia.org/wiki/Samsung_Galaxy_A80,0,1,1
https://en.wikipedia.org/wiki/Samsung_Pay,0,1,1
https://en.wikipedia.org/wiki/Italy,0,1,1
https://en.wikipedia.org/wiki/Samsung_Ultra_Smart_F700,0,1,1
https://en.wikipedia.org/wiki/Samsung_Galaxy#Korea,0,1,1
https://en.wikipedia.org/wiki/The_Telegraph_(UK),0,1,1
https://en.wikipedia.org/wiki/Samsung_Galaxy#cite_ref-Over_The_Horizon_(2015)_Making_Process_by_삼성전자_뉴스룸_[Samsung_Newsroom]_88-0,0,1,1
https://en.wikipedia.org/wiki/Samsung_SPH-N270,0,1,1
https://en.wikipedia.org/wiki/Samsung_REX,0,1,1
https://en.wikipedia.org/w/index.php?title=Samsung_Galaxy&action=edit&section=15,0,1,1
https://en.wikipedia.org/wiki/Samsung_Galaxy#cite_note-Over_the_Horizon_(S4/S5_Theme)-85,0,1,1
https://en.wikipedia.org/wiki/Samsung_Galaxy_M31,0,1,1
https://en.wikipedia.org/wiki/Samsung_Galaxy#cite_ref-70,0,1,1
https://en.wikipedia.org/wiki/Samsung_Galaxy#cite_note-37,0,1,1
https://en.wikipedia.org/wiki/Samsung_B5310,0,1,1
https://en.wikipedia.org/wiki/Samsung_Galaxy#cite_note-56,0,1,1
https://en.wikipedia.org/wiki/Samsung_Galaxy_Watch_Active_2,0,1,1
https://en.wikipedia.org/wiki/File:Samsung_Galaxy_wordmark.svg,0,1,1
https://en.wikipedia.org/wiki/Samsung_Galaxy#cite_ref-78,0,1,1
https://en.wikipedia.org/wiki/Samsung_Galaxy_Core,0,1,1
https://en.wikipedia.org/wiki/Samsung_Galaxy_W,0,1,1
https://en.wikipedia.org/wiki/Samsung_Galaxy_A8_(2015),0,1,1
https://en.wikipedia.org/wiki/Special:SpecialPages,0,1,1
https://en.wikipedia.org/wiki/Samsung_Galaxy#cite_note-80,0,1,1
https://en.wikipedia.org/wiki/Samsung_DeX,0,1,1
https://web.archive.org/web/20130404055702/http://www.gsmarena.com/samsung_i9070_galaxy_s_advance-4469.php,0,1,1
https://en.wikipedia.org/wiki/S_Pen,0,1,1
https://en.wikipedia.org/wiki/Samsung_Galaxy#cite_ref-12,0,1,1
https://en.wikipedia.org/wiki/Samsung_Galaxy#cite_ref-66,0,1,1
https://en.wikipedia.org/wiki/Samsung_Galaxy_Note_4,0,1,1
https://www.phonearena.com/news/Samsung-released-its-first-Android-phone-ten-years-ago-today_id117168,0,1,1
http://www.androidcentral.com/hands-samsung-captivate-glide,0,1,1
https://www.youtube.com/watch?v=CLrEbum5p7Q,0,1,1
https://en.wikipedia.org/wiki/Samsung_TV_Plus,0,1,1
https://en.wikipedia.org/wiki/Samsung_Galaxy_Xcover_6_Pro,0,1,1
https://en.wikipedia.org/wiki/Samsung_Telecommunications,0,1,1
https://en.wikipedia.org/wiki/Samsung_Galaxy#cite_ref-37,0,1,1
https://en.wikipedia.org/wiki/Samsung_Galaxy#cite_ref-MWC2011_63-1,0,1,1
https://en.wikipedia.org/wiki/Samsung_GT-B7330,0,1,1
https://en.wikipedia.org/wiki/Microsoft,0,1,1
https://en.wikipedia.org/wiki/Samsung_Galaxy#cite_note-53,0,1,1
https://en.wikipedia.org/wiki/Template:Samsung_Galaxy_S,0,1,1
https://en.wikipedia.org/wiki/Samsung_Galaxy#cite_note-5,0,1,1
https://web.archive.org/web/20110522092437/http://www.gsmarena.com/samsung_galaxy_neo_announced_headed_to_korea-news-2479.php,0,1,1
https://en.wikipedia.org/wiki/Samsung_Galaxy_J1_(2016),0,1,1
https://en.wikipedia.org/wiki/Samsung_Galaxy#cite_ref-61,0,1,1
https://en.wikipedia.org/w/index.php?title=Samsung_R%26D_Institute_U.K.&action=edit&redlink=1,0,1,1
https://web.archive.org/web/20110604182120/http://www.engadget.com/2011/02/13/samsung-galaxy-s-ii-official-tegra-2-4-3-inch-super-amoled-plu/,0,1,1
https://en.wikipedia.org/w/index.php?title=Samsung_Galaxy_F14_5G&action=edit&redlink=1,0,1,1
https://en.wikipedia.org/wiki/Template_talk:Samsung_Galaxy_Z,0,1,1
https://en.wikipedia.org/wiki/Samsung_Galaxy_A9_(2016),0,1,1
https://en.wikipedia.org/wiki/Samsung_Galaxy#cite_note-54,0,1,1
https://en.wikipedia.org/wiki/Samsung_Galaxy_S_Relay_4G,0,1,1
https://en.wikipedia.org/wiki/Samsung_Galaxy_Buds_series#Galaxy_Buds_Pro,0,1,1
https://en.wikipedia.org/w/index.php?title=Samsung_Galaxy&action=edit,0,1,1
https://en.wikipedia.org/wiki/Samsung_Galaxy_S23%2B,0,1,1
https://en.wikipedia.org/wiki/Nashville_String_Machine,0,1,1
https://en.wikipedia.org/wiki/Samsung_Galaxy_A50s,0,1,1
https://en.wikipedia.org/wiki/New-age_music,0,1,1
https://en.wikipedia.org/wiki/Samsung_Galaxy_A72,0,1,1
https://www.notebookcheck.net/Samsung-confirms-Galaxy-J-is-now-Galaxy-A.415991.0.html,0,1,1
https://en.wikipedia.org/wiki/Samsung_Galaxy_Note_series,0,1,1
https://en.wikipedia.org/wiki/Samsung_Galaxy#cite_ref-2011model_51-1,0,1,1
https://en.wikipedia.org/wiki/Samsung_Galaxy#cite_ref-Over_The_Horizon_by_Yiruma_(2021)_99-0,0,1,1
https://ckb.wikipedia.org/wiki/%D8%B3%D8%A7%D9%85%D8%B3%DB%86%D9%86%DA%AF_%DA%AF%D8%A7%D9%84%D8%A7%DA%A9%D8%B3%DB%8C,0,1,1
https://commons.wikimedia.org/wiki/Samsung_Galaxy,0,1,1
https://en.wikipedia.org/wiki/Samsung_Galaxy#cite_ref-14,0,1,1
https://bn.wikipedia.org/wiki/%E0%A6%B8%E0%A7%8D%E0%A6%AF%E0%A6%BE%E0%A6%AE%E0%A6%B8%E0%A6%BE%E0%A6%82_%E0%A6%97%E0%A7%8D%E0%A6%AF%E0%A6%BE%E0%A6%B2%E0%A6%BE%E0%A6%95%E0%A7%8D%E0%A6%B8%E0%A6%BF,0,1,1
https://en.wikipedia.org/wiki/Special:Random,0,1,1
https://web.archive.org/web/20120503214538/http://www.engadget.com/2012/02/25/samsung-unveils-new-galaxy-beam-smartphone-projector-combo-wit,0,1,1
https://en.wikipedia.org/w/index.php?title=Samsung_Galaxy&action=edit&section=10,0,1,1
https://en.wikipedia.org/wiki/Samsung_Galaxy_A8_(2018),0,1,1
https://www.engadget.com/2011/08/10/samsung-galaxy-r-officially-announced-for-europe-and-asia-nobod/,0,1,1
https://en.wikipedia.org/wiki/Samsung_Galaxy_J3_(2017),0,1,1
https://en.wikipedia.org/w/index.php?title=Manual_Devices&action=edit&redlink=1,0,1,1
https://en.wikipedia.org/wiki/Samsung_SGH-A561,0,1,1
https://en.wikipedia.org/wiki/Samsung_SPH-M540_Rant,0,1,1
https://en.wikipedia.org/wiki/Samsung_Galaxy_J_series,0,1,1
https://en.wikipedia.org/wiki/One_UI,0,1,1
https://en.wikipedia.org/wiki/Samsung_Galaxy_Express_2,0,1,1
https://en.wikipedia.org/wiki/Samsung_Galaxy_J3_(2016),0,1,1
https://en.wikipedia.org/w/index.php?title=Samsung_Galaxy&action=edit&section=33,0,1,1
https://en.wikipedia.org/wiki/Samsung_Galaxy_A21s,0,1,1
https://en.wikipedia.org/wiki/Template_talk:Samsung_Galaxy_Note,0,1,1
https://en.wikipedia.org/wiki/Samsung_Galaxy_Core_Prime,0,1,1
https://en.wikipedia.org/wiki/Samsung_Galaxy_C7_Pro,0,1,1
https://en.wikipedia.org/wiki/Samsung_Galaxy_A10,0,1,1
https://en.wikipedia.org/wiki/Samsung_Galaxy_J1_Ace_Neo,0,1,1
https://en.wikipedia.org/wiki/Samsung_Galaxy#cite_note-11,0,1,1
https://en.wikipedia.org/wiki/Seoul_Samsung_Thunders,0,1,1
https://en.wikipedia.org/w/index.php?title=Samsung_Galaxy_C5_Pro&action=edit&redlink=1,0,1,1
https://en.wikipedia.org/wiki/Template:Samsung_Galaxy_Z,0,1,1
https://www.youtube.com/watch?v=1Snro8Q4XIw,0,1,1
https://en.wikipedia.org/wiki/Samsung_Galaxy_A05,0,1,1
https://en.wikipedia.org/wiki/Samsung_Galaxy_S22_Ultra,0,1,1
https://en.wikipedia.org/wiki/Samsung_Galaxy_A55_5G,0,1,1
https://en.wikipedia.org/wiki/Samsung_M7500_Emporio_Armani,0,1,1
https://en.wikipedia.org/wiki/Samsung_SGH-E715,0,1,1
https://en.wikipedia.org/wiki/Samsung_Vibrant,0,1,1
https://en.wikipedia.org/w/index.php?title=Samsung_Galaxy&action=edit&section=6,0,1,1
https://en.wikipedia.org/wiki/Phone_Link,0,1,1
https://en.wikipedia.org/wiki/Samsung_Galaxy_J5_(2017),0,1,1
https://en.wikipedia.org/wiki/Samsung_Galaxy_SL,0,1,1
https://en.wikipedia.org/wiki/Galaxy_Buds,0,1,1
https://en.wikipedia.org/wiki/Samsung_Galaxy_S7_Active,0,1,1
https://en.wikipedia.org/wiki/Samsung_Galaxy#Model_numbers,0,1,1
https://en.wikipedia.org/wiki/Samsung_i8510_Innov8,0,1,1
https://www.youtube.com/watch?v=3YYZYePy6fk,0,1,1
https://en.wikipedia.org/wiki/Samsung_Galaxy_Alpha,0,1,1
https://en.wikipedia.org/wiki/Samsung_SPH-i500,0,1,1
https://en.wikipedia.org/wiki/Samsung_Galaxy#cite_ref-86,0,1,1
https://en.wikipedia.org/wiki/Samsung_Galaxy_J3_Prime,0,1,1
https://en.wikipedia.org/wiki/Samsung_Galaxy#cite_note-Compare_models_for_the_perfect_fit-18,0,1,1
https://en.wikipedia.org/w/index.php?title=Samsung_Galaxy&action=edit&section=9,0,1,1
https://en.wikipedia.org/wiki/Samsung_Galaxy_Note_10.1,0,1,1
https://en.wikipedia.org/wiki/SIM_card,0,1,1
https://en.wikipedia.org/wiki/Samsung_Galaxy_Trend_Lite,0,1,1
https://en.wikipedia.org/wiki/Samsung_Galaxy_S_II,0,1,1
https://en.wikipedia.org/wiki/Lee_Kun-hee,0,1,1
https://www.engadget.com/2012/02/20/samsung-galaxy-ace-2-galaxy-mini-2-officially-revealed-launch/,0,1,1
https://en.wikipedia.org/wiki/Samsung_Galaxy_Buds_series#Galaxy_Buds_3,0,1,1
https://en.wikipedia.org/wiki/Samsung_Notes,0,1,1
https://en.wikipedia.org/wiki/Samsung_i8000,0,1,1
https://en.wikipedia.org/wiki/Samsung_Galaxy_J7,0,1,1
https://en.wikipedia.org/wiki/Samsung_Galaxy#cite_ref-79,0,1,1
https://en.wikipedia.org/wiki/Wikipedia:About,0,1,1
https://en.wikipedia.org/wiki/Samsung_Galaxy_M32,0,1,1
https://en.wikipedia.org/wiki/Samsung_Galaxy#cite_ref-65,0,1,1
https://tr.wikipedia.org/wiki/Samsung_Galaxy,0,1,1
https://en.wikipedia.org/wiki/Samsung_Galaxy_Note_10.1_2014_Edition,0,1,1
https://en.wikipedia.org/wiki/Samsung_SCH-B450,0,1,1
https://sv.wikipedia.org/wiki/Samsung_Galaxy,0,1,1
https://en.wikipedia.org/wiki/Samsung_Galaxy_Ace_3,0,1,1
https://en.wikipedia.org/wiki/Samsung_Galaxy_Tab_S7,0,1,1
https://en.wikipedia.org/wiki/Young_Sohn,0,1,1
https://en.wikipedia.org/wiki/Samsung_Pebble,0,1,1
https://en.wikipedia.org/wiki/Samsung_Galaxy_C5,0,1,1
https://www.engadget.com/2011/11/11/samsung-galaxy-s-ii-skyrocket-review/,0,1,1
https://uz.wikipedia.org/wiki/Samsung_Galaxy,0,1,1
https://en.wikipedia.org/wiki/Special:EditPage/Template:Samsung_Galaxy_A,0,1,1
https://en.wikipedia.org/wiki/Samsung_SPH-i300,0,1,1
https://www.engadget.com/2013/05/30/samsung-confirms-galaxy-s-4-mini/,0,1,1
https://developer.wikimedia.org,0,1,1
https://web.archive.org/web/20130610052411/http://www.engadget.com/2013/05/30/samsung-confirms-galaxy-s-4-mini/,0,1,1
https://en.wikipedia.org/wiki/Samsung_SGH-T639,0,1,1
https://en.wikipedia.org/wiki/Samsung_Galaxy#Other_phones,0,1,1
https://en.wikipedia.org/wiki/Samsung_Galaxy_Z_Flip_4,0,1,1
https://en.wikipedia.org/wiki/Samsung_Galaxy_Note_II,0,1,1
https://en.wikipedia.org/wiki/Samsung_Galaxy#cite_note-76,0,1,1
https://en.wikipedia.org/wiki/Samsung_S5600,0,1,1
https://en.wikipedia.org/wiki/Samsung_Galaxy_Grand_Max,0,1,1
http://web.archive.org/web/20151222140602/https://news.samsung.com/global/over-the-horizon-the-evolution-of-the-samsung-galaxy-brand-sound,0,1,1
https://en.wikipedia.org/wiki/Samsung_Galaxy_Star,0,1,1
https://en.wikipedia.org/wiki/Samsung_Galaxy_Beam_i8530,0,1,1
https://web.archive.org/web/20121225103439/http://reviews.cnet.co.uk/mobile-phones/samsung-galaxy-europa-gt-i5500-review-50001001,0,1,1
https://en.wikipedia.org/wiki/Samsung_Galaxy#Galaxy_XCover_series,0,1,1
https://en.wikipedia.org/wiki/Samsung_BlackJack,0,1,1
https://en.wikipedia.org/wiki/Samsung_Galaxy_Xcover_3,0,1,1
https://en.wikipedia.org/wiki/Samsung_Galaxy_Grand_Prime,0,1,1
https://en.wikipedia.org/wiki/Samsung_Galaxy#cite_ref-Over_The_Horizon_(2017)_by_Jacob_Collier_91-0,0,1,1
https://en.wikipedia.org/wiki/Samsung_Galaxy_J1_Nxt,0,1,1
https://en.wikipedia.org/w/index.php?title=Samsung_Galaxy&action=edit&section=44,0,1,1
http://techcentral.my/news/story.aspx?file=/2012/4/19/it_news/20120419130045&sec=it_news,0,1,1
https://en.wikipedia.org/wiki/Samsung_Galaxy#cite_note-64,0,1,1
https://en.wikipedia.org/wiki/Samsung_Galaxy_S_series,0,1,1
https://en.wikipedia.org/wiki/Samsung_Galaxy#cite_note-75,0,1,1
https://en.wikipedia.org/wiki/Samsung_Galaxy#cite_note-47,0,1,1
https://wikimediafoundation.org/,0,1,1
https://en.wikipedia.org/wiki/Samsung_Galaxy_M52_5G,0,1,1
https://en.wikipedia.org/wiki/Category:All_articles_with_unsourced_statements,0,1,1
https://en.wikipedia.org/wiki/Samsung_Galaxy#cite_note-27,0,1,1
https://en.wikipedia.org/w/index.php?title=Samsung_Galaxy&action=edit&section=40,0,1,1
https://www.engadget.com/2010/09/12/samsung-galaxy-apollo-coming-to-telus-soon/,0,1,1
https://en.wikipedia.org/wiki/LiMo_Platform,0,1,1
https://en.wikipedia.org/wiki/Electronic_music,0,1,1
https://en.wikipedia.org/wiki/Samsung_Galaxy_C8,0,1,1
https://www.youtube.com/watch?v=NOgbHu2PzT4,0,1,1
https://en.wikipedia.org/wiki/Samsung_Galaxy_S_Advance,0,1,1
https://en.wikipedia.org/wiki/Samsung_SGH-D807,0,1,1
https://ps.wikipedia.org/wiki/%D8%B3%D8%A7%D9%85%D8%B3%D9%88%D9%86%DA%AB_%DA%AB%D8%A7%D9%84%DA%A9%D8%B3%D9%8A,0,1,1
https://en.wikipedia.org/wiki/Samsung_Omnia_7,0,1,1
https://web.archive.org/web/20110731175420/http://techcentral.my/news/story.aspx?file=%2F2010%2F9%2F30%2Fit_news%2F20100930165444&sec=IT_News,0,1,1
https://en.wikipedia.org/wiki/Samsung_Galaxy_R_Style,0,1,1
https://sammobile.com:443/2019/05/20/one-ui-update-for-galaxy-watch-gear-s3-gear-sport/,0,1,1
https://en.wikipedia.org/wiki/Samsung_SGH-D820,0,1,1
https://en.wikipedia.org/wiki/Samsung_Galaxy#cite_ref-71,0,1,1
https://en.wikipedia.org/wiki/Samsung_Wave_S8500,0,1,1
https://commons.wikimedia.org/wiki/Category:Samsung_Electronics,0,1,1
https://web.archive.org/web/20110420030403/http://www.engadget.com/2011/01/26/samsung-galaxy-ace-galaxy-fit-galaxy-gio-and-galaxy-mini-fill/,0,1,1
https://en.wikipedia.org/wiki/Samsung_Galaxy_Z_Fold_4,0,1,1
https://ml.wikipedia.org/wiki/%E0%B4%B8%E0%B4%BE%E0%B4%82%E0%B4%B8%E0%B4%99%E0%B5%8D_%E0%B4%97%E0%B4%BE%E0%B4%B2%E0%B4%95%E0%B5%8D%E0%B4%B8%E0%B4%BF,0,1,1
https://en.wikipedia.org/wiki/Samsung_Galaxy_Note_10,0,1,1
https://en.wikipedia.org/wiki/Samsung_Galaxy_E5,0,1,1
https://en.wikipedia.org/wiki/Samsung_Galaxy_K_Zoom,0,1,1
https://en.wikipedia.org/wiki/Samsung_Galaxy_A02,0,1,1
https://en.wikipedia.org/wiki/Samsung_GT-i8510,0,1,1
https://www.telegraph.co.uk/technology/google/8835757/Google-launches-Galaxy-Nexus-phone.html,0,1,1
https://th.wikipedia.org/wiki/%E0%B8%8B%E0%B8%B1%E0%B8%A1%E0%B8%8B%E0%B8%B8%E0%B8%87_%E0%B8%81%E0%B8%B2%E0%B9%81%E0%B8%A5%E0%B8%84%E0%B8%8B%E0%B8%B5%E0%B9%88,0,1,1
https://en.wikipedia.org/wiki/Samsung_Galaxy#cite_note-:0-8,0,1,1
https://en.wikipedia.org/w/index.php?title=Samsung_Galaxy&action=edit&section=16,0,1,1
https://en.wikipedia.org/wiki/Samsung_Galaxy_Z_Fold_2,0,1,1
https://www.timesnownews.com/technology-science/samsung-galaxy-c55-launched-in-china-price-starts-at-around-rs-23500-specs-and-other-details-article-109486068,0,1,1
https://en.wikipedia.org/wiki/Operating_system,0,1,1
https://en.wikipedia.org/wiki/Samsung_Galaxy_J,0,1,1
https://en.wikipedia.org/wiki/Category:Articles_with_unsourced_statements_from_August_2018,0,1,1
https://web.archive.org/web/20120625202917/http://www.engadget.com/2011/09/02/samsung-galaxy-r-wave-m-m-pro-w-xcover-and-wave-y-hands-on,0,1,1
https://en.wikipedia.org/wiki/Samsung_NX_series,0,1,1
https://en.wikipedia.org/wiki/Template:Samsung_smartphones,0,1,1
https://en.wikipedia.org/wiki/Joyent,0,1,1
https://en.wikipedia.org/wiki/Samsung_Galaxy#cite_ref-77,0,1,1
https://en.wikipedia.org/wiki/Qualcomm_Snapdragon,0,1,1
https://en.wikipedia.org/wiki/Samsung_Galaxy#cite_note-70,0,1,1
https://en.wikipedia.org/wiki/Samsung_Galaxy_Note_(original),0,1,1
https://en.wikipedia.org/wiki/Samsung_Galaxy_S_Duos,0,1,1
https://en.wikipedia.org/wiki/Category:Use_dmy_dates_from_October_2020,0,1,1
https://en.wikipedia.org/wiki/Samsung_Galaxy_A02s,0,1,1
https://sw.wikipedia.org/wiki/Samsung_Galaxy,0,1,1
https://en.wikipedia.org/wiki/Dirty_Loops,0,1,1
https://en.wikipedia.org/wiki/Samsung_Galaxy_Z_Flip,0,1,1
https://en.wikipedia.org/wiki/System_on_a_chip,0,1,1
https://en.wikipedia.org/wiki/Samsung_Galaxy#cite_note-23,0,1,1
https://en.wikipedia.org/wiki/Samsung_Medison,0,1,1
https://en.wikipedia.org/wiki/Samsung_Galaxy#cite_note-New_‘Over_the_Horizon’_Theme_Celebrates_Positivity_and_Optimism_in_an_Evolving_World-104,0,1,1
https://en.wikipedia.org/wiki/Samsung_Galaxy_S21%2B,0,1,1
https://en.wikipedia.org/wiki/Samsung_Galaxy#See_also,0,1,1
https://en.wikipedia.org/w/index.php?title=Samsung_SPH-A460&action=edit&redlink=1,0,1,1
https://en.wikipedia.org/wiki/Samsung_Galaxy_A7_(2017),0,1,1
https://en.wikipedia.org/wiki/Marvell_Technology_Group,0,1,1
https://en.wikipedia.org/wiki/Samsung_Galaxy#cite_note-What_Are_Dirty_Loops_Doing_to_‘Over_the_Horizon’?-90,0,1,1
https://en.wikipedia.org/wiki/Samsung_Galaxy#cite_ref-55,0,1,1
https://en.wikipedia.org/wiki/Samsung_Galaxy_Buds_series#Galaxy_Buds_2_Pro,0,1,1
https://en.wikipedia.org/wiki/K-Pop,0,1,1
https://en.wikipedia.org/wiki/Samsung_Galaxy_Core_Plus,0,1,1
https://www.manualdevices.com/samsung-galaxy-c5-pro-specification-and-user-manual/,0,1,1
https://nl.wikipedia.org/wiki/Samsung_Galaxy,0,1,1
https://en.wikipedia.org/wiki/Samsung_Galaxy#cite_ref-Over_the_Horizon_(S4/S5_Theme)_85-0,0,1,1
https://en.wikipedia.org/wiki/Samsung_Galaxy_A10e,0,1,1
https://ro.wikipedia.org/wiki/Samsung_Galaxy,0,1,1
https://en.wikipedia.org/wiki/Samsung_SGH-G600,0,1,1
https://en.wikipedia.org/wiki/Galaxy_S_II,0,1,1
https://en.wikipedia.org/wiki/Samsung_Link,0,1,1
https://en.wikipedia.org/wiki/Samsung_Galaxy_Note_7#Samsung_Galaxy_Note_Fan_Edition_(FE),0,1,1
https://www.engadget.com/2011/06/15/samsung-exhibit-4g-and-gravity-smart-coming-to-t-mobile-on-june/,0,1,1
https://en.wikipedia.org/wiki/Samsung_Galaxy#cite_ref-84,0,1,1
https://en.wikipedia.org/wiki/Samsung_Galaxy_J1_mini_Prime,0,1,1
https://en.wikipedia.org/wiki/Samsung_Galaxy#cite_note-52,0,1,1
https://en.wikipedia.org/wiki/Samsung_Galaxy_A01_Core,0,1,1
https://en.wikipedia.org/wiki/Samsung_Galaxy#cite_ref-73,0,1,1
https://insights.samsung.com/2016/05/27/samsung-flow-pcs-and-smartphones-in-sync/,0,1,1
https://vec.wikipedia.org/wiki/Samsung_Galaxy,0,1,1
https://en.wikipedia.org/wiki/Samsung_SGH-X200,0,1,1
https://en.wikipedia.org/wiki/Samsung_Galaxy#cite_ref-Ziegler_69-0,0,1,1
https://en.wikipedia.org/wiki/Samsung_Galaxy_Ace_4,0,1,1
https://en.wikipedia.org/wiki/Special:Search,0,1,1
https://en.wikipedia.org/wiki/MediaTek,0,1,1
https://en.wikipedia.org/wiki/Samsung_Galaxy_A04s,0,1,1
https://en.wikipedia.org/wiki/Category:Lists_of_mobile_computers,0,1,1
https://en.wikipedia.org/wiki/Samsung_i847_Rugby_Smart,0,1,1
https://en.wikipedia.org/wiki/Symphonic_rock,0,1,1
https://en.wikipedia.org/wiki/Samsung_GT-S5230,0,1,1
https://web.archive.org/web/20170627045702/https://www.engadget.com/2010/06/28/samsung-vibrant-is-official-on-t-mobile-coming-july-21-for-20/,0,1,1
https://www.samsung.com/us/support/answer/ANS00086182/,0,1,1
https://www.gsmarena.com/samsung_s7710_galaxy_xcover_2-5263.php,0,1,1
https://www.gsmarena.com/counterclockwise_the_dawn_of_samsung_galaxy-blog-24313.php,0,1,1
https://www.youtube.com/watch?v=HAuuvGQkZnw,0,1,1
http://www.samsung.com/galaxyace/ace_techspec.html,0,1,1
https://techtalkhome.com/samsung-galaxy-buds-vs-buds-plus-2020-which-one/,0,1,1
https://en.wikipedia.org/wiki/Samsung_Galaxy#Samsung_Galaxy_Z_series,0,1,1
https://en.wikipedia.org/wiki/Samsung_Galaxy_A42_5G,0,1,1
https://en.wikipedia.org/wiki/Samsung_i8000_Omnia_II,0,1,1
https://en.wikipedia.org/wiki/Samsung_Galaxy#cite_note-32,0,1,1
https://en.wikipedia.org/wiki/Samsung_Galaxy#cite_note-15,0,1,1
https://en.wikipedia.org/wiki/Samsung_Galaxy_A8_(2016),0,1,1
https://en.wikipedia.org/wiki/Samsung_Galaxy_Fame,0,1,1
https://en.wikipedia.org/wiki/Samsung_Omnia_W,0,1,1
https://en.wikipedia.org/w/index.php?title=Samsung_Galaxy&action=edit&section=11,0,1,1
https://en.wikipedia.org/wiki/Samsung_Galaxy#cite_note-The_Evolution_of_the_Samsung_Galaxy_Brand_Sound-83,0,1,1
https://en.wikipedia.org/wiki/Samsung_Galaxy#cite_ref-Note01_49-6,0,1,1
https://web.archive.org/web/20130511081924/http://tsdr.uspto.gov/#caseNumber=85376579&caseType=SERIAL_NO&searchType=statusSearch,0,1,1
https://en.wikipedia.org/wiki/Samsung_Papyrus,0,1,1
https://en.wikipedia.org/wiki/Samsung_Galaxy_A52_5G,0,1,1
https://en.wikipedia.org/wiki/Samsung_Galaxy#cite_ref-Over_The_Horizon_(2018)_93-0,0,1,1
https://en.wikipedia.org/wiki/Samsung_Galaxy#cite_note-44,0,1,1
https://en.wikipedia.org/wiki/Samsung_Galaxy_Store,0,1,1
https://en.wikipedia.org/wiki/Template_talk:Samsung_phones,0,1,1
https://en.wikipedia.org/wiki/Samsung_Galaxy_M04,0,1,1
https://news.samsung.com/global/over-the-horizon-the-evolution-of-the-samsung-galaxy-brand-sound,0,1,1
https://en.wikipedia.org/wiki/Samsung_Galaxy_F41,0,1,1
https://en.wikipedia.org/wiki/Samsung_SPH-M100,0,1,1
https://en.wikipedia.org/wiki/Samsung_Galaxy#Samsung_Galaxy_C_series,0,1,1
https://en.wikipedia.org/wiki/Samsung_Galaxy_Note_Edge,0,1,1
https://en.wikipedia.org/w/index.php?title=Samsung_Galaxy&action=history,0,1,1
https://en.wikipedia.org/wiki/Samsung_BlackJack_II,0,1,1
https://en.wikipedia.org/wiki/The_Star_(Malaysia),0,1,1
https://web.archive.org/web/20110923195842/http://www.engadget.com/2011/05/28/samsung-galaxy-pro-review,0,1,1
https://en.wikipedia.org/wiki/Samsung_Galaxy_Tab_A7_Lite,0,1,1
https://en.wikipedia.org/wiki/Samsung_Galaxy_Duos,0,1,1
https://en.wikipedia.org/w/index.php?title=Samsung_Galaxy&action=edit&section=23,0,1,1
https://en.wikipedia.org/wiki/Samsung_Galaxy_Tab_A_10.1_(2016),0,1,1
https://www.wikidata.org/wiki/Special:EntityPage/Q493064#sitelinks-wikipedia,0,1,1
https://en.wikipedia.org/wiki/Samsung_Galaxy_Ace_2,0,1,1
https://en.wikipedia.org/wiki/Chromebook#Samsung_Galaxy_Chromebook_2,0,1,1
https://en.wikipedia.org/wiki/Samsung_M900_Moment,0,1,1
https://en.wikipedia.org/w/index.php?title=Special:CiteThisPage&page=Samsung_Galaxy&id=1250038622&wpFormIdentifier=titleform,0,1,1
https://www.engadget.com/2010/06/17/samsung-captivate-is-atandts-version-of-the-galaxy-s-launching/,0,1,1
"https://en.wikipedia.org/w/index.php?title=Samsung_Research_America,_Dallas&action=edit&redlink=1",0,1,1
https://en.wikipedia.org/wiki/Samsung_Galaxy#cite_ref-Over_The_Horizon_(2024)_105-0,0,1,1
https://en.wikipedia.org/wiki/Samsung_Galaxy#cite_ref-Over_the_Horizon_Samsung_Design_82-1,0,1,1
https://en.wikipedia.org/wiki/Samsung_Galaxy_J7_(2016),0,1,1
https://en.wikipedia.org/wiki/Samsung_Galaxy_A04,0,1,1
https://en.wikipedia.org/wiki/Samsung_and_unions,0,1,1
https://en.wikipedia.org/wiki/Samsung_Galaxy#cite_ref-6,0,1,1
https://en.wikipedia.org/wiki/Samsung_Galaxy_Express,0,1,1
https://en.wikipedia.org/wiki/File:Samsung_Flow_wordmark.svg,0,1,1
https://en.wikipedia.org/wiki/Category:Samsung_Galaxy,0,1,1
http://tsdr.uspto.gov/#caseNumber=85376579&caseType=SERIAL_NO&searchType=statusSearch,0,1,1
https://en.wikipedia.org/wiki/Samsung_Galaxy_F_series,0,1,1
https://en.wikipedia.org/w/index.php?title=Samsung_Galaxy&action=edit&section=43,0,1,1
http://www.gsmarena.com/samsung_galaxy_neo_announced_headed_to_korea-news-2479.php,0,1,1
https://en.wikipedia.org/wiki/Samsung_Galaxy_M51,0,1,1
https://en.wikipedia.org/wiki/Samsung_Galaxy#Definitions,0,1,1
https://en.wikipedia.org/wiki/Samsung_Galaxy#cite_note-Over_The_Horizon_(2023)-103,0,1,1
https://en.wikipedia.org/wiki/Samsung_Galaxy_Z_Flip_5,0,1,1
https://en.wikipedia.org/wiki/Samsung_Galaxy_Y_Plus,0,1,1
https://en.wikipedia.org/wiki/Samsung_Galaxy_S21_Ultra,0,1,1
https://en.wikipedia.org/w/index.php?title=Samsung_Galaxy&action=info,0,1,1
https://www.pocket-lint.com/news/36156/samsunggalaxy-galaxy-k-android-22,0,1,1
https://en.wikipedia.org/wiki/Samsung_Galaxy#cite_ref-42,0,1,1
https://en.wikipedia.org/w/index.php?title=Samsung_Galaxy&action=edit&section=45,0,1,1
https://en.wikipedia.org/wiki/Samsung_Galaxy#cite_ref-72,0,1,1
https://en.wikipedia.org/wiki/Samsung_Galaxy_A9_Pro_(2016),0,1,1
https://www.gsmarena.com/samsung_galaxy_ace_3-5479.php,0,1,1
https://en.wikipedia.org/wiki/Samsung_Galaxy#Samsung_Galaxy_F_series,0,1,1
https://www.engadget.com/2010/03/23/samsung-announces-galaxy-s-android-smartphone/,0,1,1
https://www.gsmarena.com/flashback_the_birth_of_touchwiz_and_the_many_many_platforms_that_it_ran_on-news-53129.php,0,1,1
https://en.wikipedia.org/w/index.php?title=Samsung_Galaxy&action=edit&section=29,0,1,1
https://en.wikipedia.org/wiki/Samsung_Exhibit_4G,0,1,1
https://en.wikipedia.org/wiki/Galaxy_S21_Ultra,0,1,1
https://en.wikipedia.org/wiki/Samsung_Galaxy#cite_note-Over_The_Horizon_(2018)-93,0,1,1
https://en.wikipedia.org/wiki/Samsung_Galaxy#cite_ref-10,0,1,1
https://en.wikipedia.org/wiki/Template_talk:Samsung_Galaxy_A,0,1,1
https://en.wikipedia.org/w/index.php?title=Samsung_Galaxy&action=edit&section=38,0,1,1
https://en.wikipedia.org/wiki/Orchestra,0,1,1
https://en.wikipedia.org/wiki/File:Galaxy_Buds3_Pro.webp,0,1,1
https://en.wikipedia.org/wiki/Samsung_Galaxy#cite_ref-54,0,1,1
https://en.wikipedia.org/wiki/Samsung_D600,0,1,1
https://en.wikipedia.org/wiki/Samsung_Galaxy#cite_note-71,0,1,1
https://en.wikipedia.org/w/index.php?title=Samsung_Galaxy_Tab_Active_5&action=edit&redlink=1,0,1,1
https://techtalkhome.com/samsung-galaxy-buds-live-beans-2020-price/,0,1,1
https://en.wikipedia.org/wiki/Samsung_E3210_Hero,0,1,1
https://en.wikipedia.org/wiki/Lee_Byung-chul,0,1,1
https://en.wikipedia.org/wiki/Portal:Current_events,0,1,1
https://www.engadget.com/2012/03/06/samsung-announces-cutesy-galaxy-pocket/,0,1,1
https://www.engadget.com/2010/06/28/samsung-vibrant-is-official-on-t-mobile-coming-july-21-for-20/,0,1,1
https://en.wikipedia.org/wiki/Samsung_Galaxy#cite_ref-67,0,1,1
https://www.youtube.com/watch?v=doFVaVZrIeg,0,1,1
https://en.wikipedia.org/wiki/Wireless,0,1,1
https://en.wikipedia.org/wiki/Samsung_Galaxy_Watch_3,0,1,1
https://en.wikipedia.org/wiki/Samsung_Galaxy#Firmware_numbering,0,1,1
https://en.wikipedia.org/wiki/Special:EditPage/Template:Samsung_Galaxy_wearables,0,1,1
https://en.wikipedia.org/wiki/Samsung_Galaxy_Mini,0,1,1
https://en.wikipedia.org/wiki/Samsung_Galaxy#cite_note-78,0,1,1
https://www.britannica.com/topic/Samsung-Electronics,0,1,1
https://en.wikipedia.org/wiki/Samsung_Galaxy#cite_ref-24,0,1,1
https://en.wikipedia.org/wiki/Samsung_Behold_II,0,1,1
https://en.wikipedia.org/wiki/Samsung_SGH-E900,0,1,1
https://en.wikipedia.org/wiki/Samsung_Focus,0,1,1
https://web.archive.org/web/20190902032149/https://www.gsmarena.com/samsung_galaxy_ace_3-5479.php,0,1,1
https://en.wikipedia.org/wiki/Samsung_Galaxy_S5_Mini,0,1,1
https://en.wikipedia.org/wiki/Samsung_Galaxy_Buds_Live,0,1,1
https://en.wikipedia.org/wiki/Samsung_Galaxy#cite_note-41,0,1,1
https://en.wikipedia.org/wiki/Samsung_Galaxy_F42_5G,0,1,1
https://en.wikipedia.org/w/index.php?title=Samsung_Galaxy&action=edit&section=27,0,1,1
https://en.wikipedia.org/wiki/Samsung_Galaxy_V,0,1,1
https://en.wikipedia.org/wiki/Samsung_Galaxy_S10_Lite,0,1,1
"https://en.wikipedia.org/wiki/Samsung_Galaxy#cite_ref-Differences_between_Galaxy_Buds+,_Galaxy_Buds_Live,_and_Galaxy_Buds_Pro_19-1",0,1,1
http://www.samsung.com/it/consumer/mobile-devices/smartphones/smartphones/GT-S5570EGAITV,0,1,1
https://en.wikipedia.org/w/index.php?title=Samsung_SCH-i770&action=edit&redlink=1,0,1,1
https://news.samsung.com/global/what-are-dirty-loops-doing-to-over-the-horizon,0,1,1
https://en.wikipedia.org/wiki/SmartThings,0,1,1
https://en.wikipedia.org/wiki/Template:Samsung_Galaxy_Xcover,0,1,1
https://en.wikipedia.org/wiki/Samsung_Galaxy#cite_ref-43,0,1,1
https://en.wikipedia.org/wiki/Al_Schmitt,0,1,1
https://en.wikipedia.org/wiki/Samsung_Galaxy_A_series,0,1,1
https://en.wikipedia.org/wiki/Wayback_Machine,0,1,1
https://en.wikipedia.org/wiki/Samsung_Galaxy_Note_8.0,0,1,1
https://web.archive.org/web/20110925010244/http://www.engadget.com/2011/04/25/samsung-prevail-review/,0,1,1
https://en.wikipedia.org/wiki/Samsung_Galaxy_S4_Mini,0,1,1
https://en.wikipedia.org/w/index.php?title=Orsay_(operating_system)&action=edit&redlink=1,0,1,1
https://en.wikipedia.org/wiki/Samsung_Galaxy_Tab_S3,0,1,1
https://en.wikipedia.org/wiki/Template_talk:Samsung_Galaxy_S,0,1,1
https://en.wikipedia.org/wiki/Samsung_Galaxy#cite_note-Nature-Inspired_Over_The_Horizon_(2020)-98,0,1,1
https://en.wikipedia.org/wiki/Samsung_Galaxy#cite_note-67,0,1,1
https://en.wikipedia.org/wiki/Samsung_Galaxy#cite_note-Over_The_Horizon_(2022)-101,0,1,1
https://en.wikipedia.org/w/index.php?title=Samsung_Galaxy&action=edit&section=28,0,1,1
https://www.youtube.com/watch?v=W7iAnQwfSN4,0,1,1
https://en.wikipedia.org/wiki/Samsung_Galaxy_J1_Mini,0,1,1
https://en.wikipedia.org/wiki/Tablet_computer,0,1,1
https://www.engadget.com/2011/08/11/samsung-galaxy-s-plus-gets-placed-in-loving-hands-photographed/,0,1,1
https://en.wikipedia.org/w/index.php?title=Special:DownloadAsPdf&page=Samsung_Galaxy&action=show-download-screen,0,1,1
https://en.wikipedia.org/wiki/Samsung_M550_Exclaim,0,1,1
https://en.wikipedia.org/wiki/Samsung_Galaxy_M20,0,1,1
https://en.wikipedia.org/w/index.php?title=Samsung_R%26D_Institute_Ukraine&action=edit&redlink=1,0,1,1
https://en.wikipedia.org/wiki/Samsung_Galaxy#cite_ref-Over_The_Horizon_(2019)_by_London_Philharmonic_Orchestra_95-0,0,1,1
http://www.everythingandroid.org/samsung-and-att-introduce-rugby-smart-built-for-extreme-conditions/2012/02/23/,0,1,1
https://en.wikipedia.org/wiki/Special:MyContributions,0,1,1
https://en.wikipedia.org/wiki/Samsung_Galaxy#cite_ref-rebrand_2-0,0,1,1
https://en.wikipedia.org/wiki/Samsung_Z3,0,1,1
https://www.youtube.com/watch?v=Ss1BGpx0FE4,0,1,1
https://en.wikipedia.org/wiki/Samsung_Galaxy_J8,0,1,1
https://en.wikipedia.org/wiki/Samsung_Galaxy_M14_5G,0,1,1
https://en.wikipedia.org/wiki/Samsung_Galaxy_A13,0,1,1
https://sco.wikipedia.org/wiki/Samsung_Galaxy,0,1,1
https://en.wikipedia.org/wiki/Samsung_U750_Alias_2,0,1,1
https://en.wikipedia.org/wiki/Samsung_Galaxy#cite_note-50,0,1,1
https://en.wikipedia.org/wiki/Samsung_Galaxy#cite_note-Pianist_Yiruma_Reimagines_‘Over_the_Horizon’_To_Inspire_Hope_and_Optimism-100,0,1,1
https://en.wikipedia.org/wiki/Samsung_Galaxy_Tab_S_10.5,0,1,1
https://en.wikipedia.org/wiki/Samsung_SGH-i600,0,1,1
https://en.wikipedia.org/wiki/Samsung_Galaxy_Xcover_5,0,1,1
https://en.wikipedia.org/wiki/Category:CS1_Korean-language_sources_(ko),0,1,1
https://en.wikipedia.org/wiki/Samsung_Galaxy_F22,0,1,1
https://en.wikipedia.org/wiki/Samsung_Galaxy#cite_ref-75,0,1,1
https://en.wikipedia.org/wiki/Samsung_Galaxy#cite_ref-13,0,1,1
https://en.wikipedia.org/wiki/Samsung_Strategy_and_Innovation_Center,0,1,1
https://en.wikipedia.org/wiki/Samsung_Galaxy_Folder_2,0,1,1
https://en.wikipedia.org/wiki/Samsung_Galaxy#cite_note-59,0,1,1
https://en.wikipedia.org/wiki/Samsung_Galaxy#cite_ref-39,0,1,1
https://en.wikipedia.org/w/index.php?title=Samsung_Galaxy_M15_5G&action=edit&redlink=1,0,1,1
https://en.wikipedia.org/wiki/Headphones#Ear-fitting_headphones,0,1,1
https://en.wikipedia.org/wiki/Samsung_Epix,0,1,1
https://en.wikipedia.org/w/index.php?title=Samsung_Galaxy_Tab_A9&action=edit&redlink=1,0,1,1
https://en.wikipedia.org/wiki/Samsung_Galaxy_A51,0,1,1
https://en.wikipedia.org/wiki/Samsung_Galaxy_A6%2B_(2018),0,1,1
https://hy.wikipedia.org/wiki/%D5%8D%D5%A1%D5%B4%D5%BD%D5%B8%D6%82%D5%B6%D5%A3_%D4%B3%D5%A1%D5%AC%D5%A1%D6%84%D5%BD%D5%AB,0,1,1
https://www.tomsguide.com/reviews/samsung-galaxy-chromebook,0,1,1
https://en.wikipedia.org/wiki/Samsung_Galaxy_J5,0,1,1
https://en.wikipedia.org/wiki/Samsung_Galaxy#cite_ref-Over_the_Horizon_(S20_Theme)_97-0,0,1,1
https://en.wikipedia.org/wiki/Samsung_Galaxy#cite_note-Samsung_Galaxy_Chromebook_2-4,0,1,1
https://en.wikipedia.org/wiki/Samsung_Galaxy_Fit_(smartphone),0,1,1
https://en.wikipedia.org/wiki/Samsung_Galaxy#cite_note-S4zoom-33,0,1,1
https://en.wikipedia.org/wiki/Samsung_Galaxy#cite_ref-7,0,1,1
https://en.wikipedia.org/wiki/Drag_and_drop,0,1,1
https://en.wikipedia.org/wiki/Samsung_SPH-A640,0,1,1
https://en.wikipedia.org/wiki/Wikipedia:Contact_us,0,1,1
https://www.youtube.com/watch?v=ecJEECYUhYk,0,1,1
https://en.wikipedia.org/w/index.php?title=Samsung_Galaxy&action=edit&section=4,0,1,1
https://en.wikipedia.org/w/index.php?title=Samsung_Galaxy&action=edit&section=8,0,1,1
https://en.wikipedia.org/wiki/Wikipedia:Contents,0,1,1
https://web.archive.org/web/20170627050056/https://www.engadget.com/2010/06/17/samsung-captivate-is-atandts-version-of-the-galaxy-s-launching/,0,1,1
https://en.wikipedia.org/wiki/Samsung_Galaxy#Devices,0,1,1
https://en.wikipedia.org/wiki/Samsung_Wave_II_S8530,0,1,1
https://en.wikipedia.org/wiki/Samsung_Galaxy_Z_Flip_5G,0,1,1
https://en.wikipedia.org/wiki/Samsung_Galaxy#cite_ref-48,0,1,1
https://en.wikipedia.org/wiki/Samsung_Galaxy_Z_Flip_3,0,1,1
https://en.wikipedia.org/wiki/Samsung_Galaxy#cite_ref-Samsung_Galaxy_Buds_17-1,0,1,1
https://en.wikipedia.org/wiki/Samsung_Galaxy#cite_ref-Note01_49-2,0,1,1
https://he.wikipedia.org/wiki/%D7%A1%D7%9E%D7%A1%D7%95%D7%A0%D7%92_%D7%92%D7%9C%D7%A7%D7%A1%D7%99,0,1,1
https://en.wikipedia.org/wiki/Samsung_Galaxy_A6s,0,1,1
https://en.wikipedia.org/wiki/Galaxy_Buds_Live,0,1,1
https://en.m.wikipedia.org/w/index.php?title=Samsung_Galaxy&mobileaction=toggle_view_mobile,0,1,1
https://en.wikipedia.org/wiki/Gugak,0,1,1
https://en.wikipedia.org/wiki/Samsung_Galaxy#Discontinued_lines,0,1,1
https://en.wikipedia.org/wiki/Samsung_SPH-i550,0,1,1
https://en.wikipedia.org/wiki/Samsung_i900_Omnia,0,1,1
https://en.wikipedia.org/wiki/Samsung_Jack,0,1,1
https://ca.wikipedia.org/wiki/Samsung_Galaxy,0,1,1
https://hi.wikipedia.org/wiki/%E0%A4%B8%E0%A5%88%E0%A4%AE%E0%A4%B8%E0%A4%82%E0%A4%97_%E0%A4%97%E0%A5%88%E0%A4%B2%E0%A5%87%E0%A4%95%E0%A5%8D%E0%A4%B8%E0%A5%80,0,1,1
https://en.wikipedia.org/wiki/Samsung_Galaxy_S_Duos_2,0,1,1
https://en.wikipedia.org/wiki/Yaeji,0,1,1
https://en.wikipedia.org/wiki/Samsung_SGH-T729_Blast,0,1,1
http://web.archive.org/web/20150420230200/http://www.jamiechristopherson.com/Projects/Various/Samsung.html,0,1,1
https://en.wikipedia.org/wiki/Samsung_Galaxy#cite_ref-64,0,1,1
https://en.wikipedia.org/wiki/Jazz_fusion,0,1,1
https://en.wikipedia.org/wiki/Samsung_Galaxy_J6,0,1,1
https://en.wikipedia.org/wiki/Samsung_Galaxy_3,0,1,1
https://en.wikipedia.org/wiki/Samsung_SPH-i700,0,1,1
https://en.wikipedia.org/wiki/Samsung_Galaxy_J7_Max,0,1,1
https://en.wikipedia.org/wiki/Samsung_Galaxy#cite_ref-Pétur_Jónsson’s_‘Over_the_Horizon’_Takes_New_Galaxy_Smartphone_Users_on_a_Soundscape_Journey_94-0,0,1,1
https://en.wikipedia.org/wiki/Samsung_Galaxy_A32,0,1,1
https://en.wikipedia.org/wiki/Samsung_Galaxy_S9,0,1,1
https://en.wikipedia.org/wiki/Samsung_Galaxy_Pocket,0,1,1
https://en.wikipedia.org/wiki/Samsung_Galaxy#cite_note-2011model-51,0,1,1
https://www.theverge.com/2021/2/16/22280643/samsung-galaxy-chromebook-2-release-date-preorder,0,1,1
https://en.wikipedia.org/wiki/File:Watch_Ultra_and_Watch7.webp,0,1,1
https://en.wikipedia.org/wiki/Samsung_Galaxy_A50,0,1,1
https://en.wikipedia.org/wiki/Samsung_Galaxy_Europa,0,1,1
https://en.wikipedia.org/wiki/Special:RecentChangesLinked/Samsung_Galaxy,0,1,1
https://en.wikipedia.org/wiki/Samsung_Focus_2,0,1,1
https://web.archive.org/web/20120518111221/http://www.engadget.com/2011/07/01/samsung-galaxy-z-galaxy-s-iis-affordable-little-brother-now,0,1,1
https://web.archive.org/web/20121107023445/http://www.engadget.com/2012/10/11/samsung-galaxy-s-iii-mini-launch/,0,1,1
https://ja.wikipedia.org/wiki/Samsung_Galaxy,0,1,1
https://en.wikipedia.org/wiki/Samsung_Galaxy_Note_3,0,1,1
https://en.wikipedia.org/wiki/Samsung_SGH-T100,0,1,1
https://en.wikipedia.org/wiki/Samsung_Galaxy_A32_5G,0,1,1
https://en.wikipedia.org/wiki/Samsung_Galaxy_A5_(2017),0,1,1
https://en.wikipedia.org/wiki/Samsung_Galaxy#Phones_2,0,1,1
https://en.wikipedia.org/wiki/Samsung_Galaxy#cite_note-Ziegler-69,0,1,1
https://en.wikipedia.org/wiki/Category:Commons_link_is_on_Wikidata,0,1,1
https://web.archive.org/web/20201130133652/https://techtalkhome.com/samsung-galaxy-buds-vs-buds-plus-2020-which-one/,0,1,1
https://en.wikipedia.org/wiki/Samsung_Galaxy_A11,0,1,1
https://en.wikipedia.org/wiki/Samsung_Galaxy_S_4G_LTE,0,1,1
"https://en.wikipedia.org/w/index.php?title=Samsung_Research_America,_Silicon_Valley&action=edit&redlink=1",0,1,1
https://en.wikipedia.org/wiki/Samsung_Galaxy#cite_note-MWC2011-63,0,1,1
http://www.goandroid.co.uk/samsung-revealed-galaxy-s4-zoom-with-16mp-camera-and-10x-optical-zoom-1175.html,0,1,1
https://en.wikipedia.org/wiki/Samsung_M920_Transform,0,1,1
https://en.wikipedia.org/wiki/Category:Samsung_smartphones,0,1,1
https://en.wikipedia.org/wiki/Samsung_Galaxy_M40,0,1,1
https://en.wikipedia.org/w/index.php?title=Samsung_Galaxy&action=edit&section=18,0,1,1
https://en.wikipedia.org/w/index.php?title=Samsung_R%26D_Institute_Indonesia&action=edit&redlink=1,0,1,1
https://web.archive.org/web/20201018203524/https://techtalkhome.com/samsung-galaxy-buds-live-beans-2020-price/,0,1,1
https://en.wikipedia.org/wiki/Samsung_Galaxy#Phones,0,1,1
https://en.wikipedia.org/w/index.php?title=STECO&action=edit&redlink=1,0,1,1
https://en.wikipedia.org/wiki/Samsung_Galaxy#cite_note-39,0,1,1
https://en.wikipedia.org/wiki/Samsung_Galaxy#cite_ref-:0_8-0,0,1,1
https://en.wikipedia.org/wiki/Lists_of_mobile_computers,0,1,1
https://en.wikipedia.org/w/index.php?title=Samsung_SGH-X520&action=edit&redlink=1,0,1,1
https://en.wikipedia.org/wiki/Symbian_OS,0,1,1
https://en.wikipedia.org/wiki/Samsung_Galaxy#cite_note-72,0,1,1
https://en.wikipedia.org/wiki/Samsung_S8300_UltraTouch,0,1,1
https://web.archive.org/web/20120519075724/http://www.engadget.com/2012/03/06/samsung-announces-cutesy-galaxy-pocket/,0,1,1
https://en.wikipedia.org/wiki/Samsung_Galaxy_S8,0,1,1
https://en.wikipedia.org/wiki/Samsung_Moment,0,1,1
https://en.wikipedia.org/wiki/Samsung_Galaxy#Hierarchy,0,1,1
https://en.wikipedia.org/wiki/Samsung_Electronics,0,1,1
https://en.wikipedia.org/wiki/Samsung_Galaxy#cite_note-61,0,1,1
https://en.wikipedia.org/wiki/Samsung_Captivate_Glide,0,1,1
https://www.samsung.com/global/galaxy/,0,1,1
https://en.wikipedia.org/wiki/Samsung_Galaxy#cite_ref-57,0,1,1
https://en.wikipedia.org/wiki/Samsung_Galaxy#cite_ref-59,0,1,1
https://web.archive.org/web/20131004235355/http://mobilesyrup.com/2012/03/06/bell-to-release-the-samsung-galaxy-rugby-and-sonim-xp5520-bolt/,0,1,1
https://www.phonearena.com/phones/Samsung-Galaxy-Ace-Plus_id6785,0,1,1
https://en.wikipedia.org/wiki/Wikipedia:General_disclaimer,0,1,1
https://en.wikipedia.org/wiki/Samsung_Galaxy_M30s,0,1,1
https://en.wikipedia.org/wiki/Ringtone,0,1,1
https://en.wikipedia.org/wiki/Samsung_Galaxy_Note_8,0,1,1
https://en.wikipedia.org/wiki/Samsung_Galaxy#cite_note-9,0,1,1
https://en.wikipedia.org/wiki/Samsung_Galaxy#cite_note-From_Rock_to_Classical-Pop_Crossovers:_New_Ocean-Inspired_‘Over_the_Horizon’_Celebrates_10th_Anniversary_of_Galaxy_Series-96,0,1,1
https://en.wikipedia.org/wiki/Samsung_Gear,0,1,1
https://en.wikipedia.org/wiki/Samsung_Galaxy_5,0,1,1
https://web.archive.org/web/20151121080335/http://www.engadget.com/2010/11/15/samsung-galaxy-550-prepping-for-low-end-android-duty-on-virgin-m/,0,1,1
https://web.archive.org/web/20120419015508/http://www.engadget.com/2011/10/26/samsung-exhibit-ii-4g-to-be-shown-off-for-t-mobile-at-walmart-to,0,1,1
https://en.wikipedia.org/wiki/Samsung_Galaxy#cite_note-10,0,1,1
https://en.wikipedia.org/wiki/Samsung_Galaxy#cite_note-57,0,1,1
https://en.wikipedia.org/wiki/Samsung_Galaxy_J1_Ace_Neo#Samsung_Galaxy_J1_Ace_Neo,0,1,1
https://en.wikipedia.org/w/index.php?title=Samsung_Galaxy&action=edit&section=37,0,1,1
https://en.wikipedia.org/wiki/Category:Articles_lacking_reliable_references_from_August_2021,0,1,1
https://en.wikipedia.org/wiki/Samsung_Rugby_Smart,0,1,1
https://www.sammobile.com/2019/04/08/samsung-confirms-merger-galaxy-j-galaxy-a/amp/,0,1,1
https://en.wikipedia.org/wiki/Samsung_Galaxy#cite_ref-zdnet1_22-0,0,1,1
https://www.engadget.com/2011/12/22/samsung-launches-two-dual-sim-galaxy-y-phones-for-carrier-cheate/,0,1,1
https://en.wikipedia.org/wiki/Samsung_Galaxy#cite_ref-60,0,1,1
https://en.wikipedia.org/wiki/Samsung_Galaxy#cite_ref-Nature-Inspired_Over_The_Horizon_(2020)_98-0,0,1,1
https://en.wikipedia.org/wiki/Samsung_i300,0,1,1
https://en.wikipedia.org/wiki/Samsung_Galaxy_A53_5G,0,1,1
https://en.wikipedia.org/wiki/Samsung_Galaxy_A51_5G_UW,0,1,1
https://en.wikipedia.org/wiki/Category:Mobile_phones_introduced_in_2009,0,1,1
https://en.wikipedia.org/wiki/Samsung_Galaxy#Other,0,1,1
https://en.wikipedia.org/wiki/Samsung_Galaxy#cite_note-35,0,1,1
https://en.wikipedia.org/w/index.php?title=Samsung_Galaxy_A20e&action=edit&redlink=1,0,1,1
https://en.wikipedia.org/wiki/Special:WhatLinksHere/Samsung_Galaxy,0,1,1
https://en.wikipedia.org/wiki/Samsung_Galaxy_Win_2,0,1,1
https://en.wikipedia.org/wiki/Nexus_S,0,1,1
https://en.wikipedia.org/wiki/Samsung_Z4,0,1,1
https://www.engadget.com/2011/05/28/samsung-galaxy-pro-review/,0,1,1
https://en.wikipedia.org/wiki/Samsung_Galaxy_A9_(2018),0,1,1
https://en.wikipedia.org/wiki/Samsung_Galaxy_S24_Ultra,0,1,1
https://en.wikipedia.org/wiki/Harman_International,0,1,1
https://en.wikipedia.org/wiki/Samsung_SGH-D500,0,1,1
https://en.wikipedia.org/wiki/Samsung_Galaxy#Samsung_Galaxy_M_series,0,1,1
https://en.wikipedia.org/wiki/Samsung_Galaxy_S24%2B,0,1,1
https://en.wikipedia.org/w/index.php?title=Samsung_Galaxy&action=edit&section=22,0,1,1
https://en.wikipedia.org/wiki/Template_talk:Samsung_Galaxy_Xcover,0,1,1
http://web.archive.org/web/20170327080102/https://news.samsung.com/global/samsung-and-jacob-collier-collaborate-on-new-galaxy-smartphones-over-the-horizon,0,1,1
https://en.wikipedia.org/wiki/Samsung_Galaxy#cite_ref-:0_8-1,0,1,1
https://en.wikipedia.org/wiki/Samsung_Wave_s8600,0,1,1
https://en.wikipedia.org/wiki/Samsung_Galaxy_A2_Core,0,1,1
https://en.wikipedia.org/wiki/Samsung_Galaxy_A25,0,1,1
https://en.wikipedia.org/wiki/Samsung_Galaxy_S5,0,1,1
https://en.wikipedia.org/wiki/Samsung_Galaxy_Pocket_2,0,1,1
https://en.wikipedia.org/wiki/Samsung_Galaxy#cite_note-68,0,1,1
"https://en.wikipedia.org/w/index.php?title=Samsung_R%26D_Institute_China,_Guangzhou&action=edit&redlink=1",0,1,1
https://en.wikipedia.org/wiki/Samsung_Galaxy_A52s_5G,0,1,1
https://en.wikipedia.org/wiki/Samsung_SGH-D900,0,1,1
https://en.wikipedia.org/wiki/Samsung_Galaxy#cite_ref-New_‘Over_the_Horizon’_Theme_Celebrates_Positivity_and_Optimism_in_an_Evolving_World_104-0,0,1,1
https://en.wikipedia.org/wiki/Samsung_T669_Gravity_T,0,1,1
https://www.samsung.com/global/galaxy/galaxy-buds-plus/compare/,0,1,1
https://en.wikipedia.org/wiki/Samsung_Galaxy_A3_(2017),0,1,1
https://web.archive.org/web/20120423074044/http://www.engadget.com/2012/02/20/samsung-galaxy-ace-2-galaxy-mini-2-officially-revealed-launch/,0,1,1
https://uk.wikipedia.org/wiki/Samsung_Galaxy,0,1,1
https://en.wikipedia.org/wiki/Intel_Core,0,1,1
https://en.wikipedia.org/wiki/Samsung_Galaxy_Grand,0,1,1
https://web.archive.org/web/20191225093231/https://www.androidcentral.com/samsung-dropping-j-series-and-merging-series-phones,0,1,1
https://en.wikipedia.org/wiki/Samsung_Galaxy_Chat,0,1,1
https://en.wikipedia.org/wiki/Samsung_Galaxy#bodyContent,0,1,1
https://en.wikipedia.org/wiki/Choi_Gee-sung,0,1,1
https://www.androidcentral.com/samsung-dropping-j-series-and-merging-series-phones,0,1,1
https://en.wikipedia.org/wiki/Windows_10,0,1,1
https://en.wikipedia.org/wiki/Samsung_Galaxy#Categories,0,1,1
https://en.wikipedia.org/wiki/Won_Il,0,1,1
https://web.archive.org/web/20111118114038/http://www.pocket-lint.com/news/36156/samsunggalaxy-galaxy-k-android-22,0,1,1
https://en.wikipedia.org/wiki/Samsung_Transform,0,1,1
https://en.wikipedia.org/wiki/Samsung_Ativ_S,0,1,1
https://en.wikipedia.org/wiki/Samsung_Galaxy_J1,0,1,1
https://en.wikipedia.org/wiki/Yiruma,0,1,1
https://en.wikipedia.org/wiki/Samsung_Flip,0,1,1
https://en.wikipedia.org/wiki/Samsung_Galaxy_Xcover_series,0,1,1
https://en.wikipedia.org/wiki/Samsung_Galaxy_A8s,0,1,1
https://en.wikipedia.org/wiki/Samsung_Galaxy_Note_5,0,1,1
https://en.wikipedia.org/wiki/Mobile_computing,0,1,1
https://en.wikipedia.org/wiki/Samsung_Galaxy#cite_note-43,0,1,1
https://en.wikipedia.org/wiki/Samsung_Galaxy_S20_Ultra,0,1,1
https://en.wikipedia.org/wiki/Samsung_U960_Rogue,0,1,1
https://en.wikipedia.org/wiki/AR_Zone,0,1,1
https://en.wikipedia.org/wiki/Jamie_Christopherson,0,1,1
https://en.wikipedia.org/wiki/Consumer_Electronics_Show,0,1,1
https://en.wikipedia.org/wiki/Samsung_Galaxy#Over_the_Horizon,0,1,1
https://en.wikipedia.org/wiki/Samsung_Galaxy_A33_5G,0,1,1
https://en.wikipedia.org/wiki/Template_talk:Samsung_Galaxy_M,0,1,1
https://en.wikipedia.org/wiki/Samsung_Galaxy_Trend_2_Lite,0,1,1
https://en.wikipedia.org/wiki/Samsung_Galaxy_Fit_(smartwatch),0,1,1
https://en.wikipedia.org/wiki/Samsung_Galaxy_Note_20,0,1,1
https://en.wikipedia.org/wiki/Samsung_SGH-T409,0,1,1
https://en.wikipedia.org/wiki/Samsung_Galaxy#cite_note-13,0,1,1
https://en.wikipedia.org/wiki/Samsung_Galaxy#cite_note-40,0,1,1
https://en.wikipedia.org/w/index.php?title=Samsung_R%26D_Institute_Israel&action=edit&redlink=1,0,1,1
https://en.wikipedia.org/wiki/Samsung_Galaxy_Round,0,1,1
https://en.wikipedia.org/wiki/Samsung_Galaxy#cite_ref-29,0,1,1
https://en.wikipedia.org/wiki/Samsung_Galaxy#cite_note-Over_the_Horizon_Samsung_Design-82,0,1,1
https://en.wikipedia.org/wiki/Samsung_Galaxy_Core_2,0,1,1
https://en.wikipedia.org/wiki/Wikipedia:Community_portal,0,1,1
https://fa.wikipedia.org/wiki/%D8%B3%D8%A7%D9%85%D8%B3%D9%88%D9%86%DA%AF_%DA%AF%D9%84%DA%A9%D8%B3%DB%8C,0,1,1
https://en.wikipedia.org/wiki/Samsung_Galaxy#cite_ref-58,0,1,1
https://en.wikipedia.org/wiki/Samsung_Galaxy#cite_ref-44,0,1,1
https://en.wikipedia.org/wiki/Icona_Pop,0,1,1
https://www.engadget.com/2012/05/03/samsung-galaxy-s-iii-is-official/,0,1,1
https://en.wikipedia.org/wiki/Samsung_SGH-E250i,0,1,1
https://en.wikipedia.org/wiki/Help:Category,0,1,1
https://en.wikipedia.org/wiki/Samsung_Galaxy#cite_ref-‘Over_the_Horizon’_2022_Illustrates_a_Heartfelt_Vision_for_the_New_World_102-0,0,1,1
https://en.wikipedia.org/wiki/Samsung_Galaxy_(original),0,1,1
https://en.wikipedia.org/wiki/Samsung_Galaxy_E,0,1,1
https://en.wikipedia.org/wiki/TouchWiz,0,1,1
https://en.wikipedia.org/wiki/Microsoft_Outlook_(mobile_app),0,1,1
https://en.wikipedia.org/wiki/Samsung_SGH-T749,0,1,1
https://en.wikipedia.org/wiki/Samsung_Galaxy#cite_ref-samsung1_21-0,0,1,1
https://en.wikipedia.org/wiki/Samsung_Galaxy#Cameras,0,1,1
https://en.wikipedia.org/wiki/Grey-market,0,1,1
https://en.wikipedia.org/wiki/Samsung_Galaxy_Mini_2,0,1,1
https://en.wikipedia.org/wiki/Exynos,0,1,1
https://en.wikipedia.org/wiki/Samsung_Galaxy#Discontinued_series,0,1,1
https://vi.wikipedia.org/wiki/Samsung_Galaxy,0,1,1
https://en.wikipedia.org/wiki/Samsung_Galaxy_S4_Zoom,0,1,1
https://en.wikipedia.org/wiki/Samsung_Galaxy_J4_Core,0,1,1
https://en.wikipedia.org/wiki/Samsung_E1120,0,1,1
https://en.wikipedia.org/wiki/Samsung_Galaxy_Tab_S8_Ultra,0,1,1
https://en.wikipedia.org/wiki/Samsung_Galaxy_M10,0,1,1
https://en.wikipedia.org/wiki/Samsung_Galaxy#cite_note-Ace3-34,0,1,1
https://en.wikipedia.org/wiki/NovaThor,0,1,1
https://it.wikipedia.org/wiki/Samsung_Galaxy,0,1,1
https://www.zdnet.com/article/samsung-to-bundle-your-phone-with-its-galaxy-note-10-as-part-of-its-extended-microsoft-partnership/,0,1,1
https://en.wikipedia.org/wiki/Samsung_SGH-P520_Giorgio_Armani,0,1,1
https://en.wikipedia.org/wiki/Samsung_Galaxy_Core_LTE,0,1,1
http://web.archive.org/web/20230201024153/https://news.samsung.com/global/new-over-the-horizon-theme-celebrates-positivity-and-optimism-in-an-evolving-world,0,1,1
https://en.wikipedia.org/wiki/Samsung_Galaxy_A90_5G,0,1,1
https://en.wikipedia.org/wiki/Samsung_Galaxy_A22,0,1,1
https://en.wikipedia.org/wiki/File:Samsung_Galaxy_logo.svg,0,1,1
https://en.wikipedia.org/w/index.php?title=Samsung_Galaxy_M05&action=edit&redlink=1,0,1,1
https://en.wikipedia.org/wiki/Samsung_Galaxy#cite_note-73,0,1,1
https://en.wikipedia.org/wiki/Samsung_Galaxy#cite_note-14,0,1,1
https://en.wikipedia.org/wiki/Engadget,0,1,1
https://en.wikipedia.org/w/index.php?title=SEMES&action=edit&redlink=1,0,1,1
https://en.wikipedia.org/wiki/Help:Contents,0,1,1
https://en.wikipedia.org/wiki/Samsung_Galaxy#cite_note-46,0,1,1
https://en.wikipedia.org/wiki/Jacob_Collier,0,1,1
https://en.wikipedia.org/wiki/Samsung_Galaxy_E7,0,1,1
https://en.wikipedia.org/wiki/Samsung_Galaxy#cite_ref-32,0,1,1
https://qu.wikipedia.org/wiki/Samsung_Galaxy,0,1,1
https://en.wikipedia.org/wiki/Samsung_Galaxy_Beam_i8520,0,1,1
https://en.wikipedia.org/wiki/Samsung_Galaxy_Watch,0,1,1
https://zh.wikipedia.org/wiki/%E4%B8%89%E6%98%9FGalaxy,0,1,1
https://en.wikipedia.org/wiki/Samsung_Galaxy_S9%2B,0,1,1
https://en.wikipedia.org/wiki/Samsung_Galaxy_M30,0,1,1
https://en.wikipedia.org/wiki/Samsung_Galaxy#cite_ref-Over_The_Horizon_(2023)_103-0,0,1,1
https://en.wikipedia.org/wiki/Samsung_Galaxy_Camera_2,0,1,1
https://9to5google.com/2023/02/22/galaxy-device-control/,0,1,1
https://en.wikipedia.org/wiki/Korean_language,0,1,1
https://en.wikipedia.org/w/index.php?title=Samsung_Galaxy&action=edit&section=26,0,1,1
https://en.wikipedia.org/wiki/Samsung_i8910,0,1,1
https://en.wikipedia.org/wiki/Wikipedia:NOTRS,0,1,1
https://en.wikipedia.org/wiki/Samsung_Galaxy_A20s,0,1,1
https://en.wikipedia.org/wiki/Samsung_Galaxy_Tab_S8,0,1,1
"https://en.wikipedia.org/wiki/Samsung_Galaxy#cite_note-Differences_between_Galaxy_Buds+,_Galaxy_Buds_Live,_and_Galaxy_Buds_Pro-19",0,1,1
https://en.wikipedia.org/wiki/Samsung_Galaxy_A5_(2015),0,1,1
https://eoto.tech/samsung-galaxy-a8-star-launch-india-full-specs-pricing/,0,1,1
https://en.wikipedia.org/wiki/Samsung_Galaxy#cite_note-42,0,1,1
https://en.wikipedia.org/w/index.php?title=Samsung_Galaxy&action=edit&section=19,0,1,1
https://en.wikipedia.org/wiki/Samsung_Galaxy#Tablets_2,0,1,1
https://en.wikipedia.org/wiki/Samsung_Galaxy_J2_Prime,0,1,1
https://en.wikipedia.org/wiki/Samsung_Galaxy_F52_5G,0,1,1
https://en.wikipedia.org/wiki/Samsung_Galaxy#cite_ref-40,0,1,1
https://web.archive.org/web/20120419011607/http://www.engadget.com/2011/12/17/samsung-stratosphere-review,0,1,1
https://en.wikipedia.org/wiki/Samsung_SGH-U900_Soul,0,1,1
https://en.wikipedia.org/wiki/Samsung_Galaxy#Tablets,0,1,1
https://en.wikipedia.org/wiki/Samsung_Galaxy_Pocket_Neo,0,1,1
https://en.wikipedia.org/wiki/Samsung_Galaxy#cite_ref-Over_the_Horizon_Samsung_Design_82-0,0,1,1
https://web.archive.org/web/20140309171217/http://www.samsung.com/th/support/model/GT-S5830RWATHL-techspecs,0,1,1
https://en.wikipedia.org/wiki/Samsung_Galaxy_A22_5G,0,1,1
https://en.wikipedia.org/wiki/Category:Consumer_electronics_brands,0,1,1
https://fi.wikipedia.org/wiki/Samsung_Galaxy,0,1,1
https://en.wikipedia.org/wiki/Samsung_SGH-F210,0,1,1
https://en.wikipedia.org/wiki/Samsung_Galaxy#Interoperability,0,1,1
https://www.engadget.com/2010/09/07/samsung-fascinate-review/,0,1,1
https://en.wikipedia.org/wiki/Samsung_Galaxy#cite_ref-Compare_models_for_the_perfect_fit_18-1,0,1,1
https://en.wikipedia.org/wiki/Crossover_music,0,1,1
https://en.wikipedia.org/wiki/Samsung_Galaxy_Y_DUOS,0,1,1
https://en.wikipedia.org/w/index.php?title=Samsung_Galaxy&action=edit&section=14,0,1,1
https://en.wikipedia.org/wiki/Samsung_Galaxy_A03_Core,0,1,1
https://en.wikipedia.org/wiki/Samsung_Galaxy_NX,0,1,1
https://en.wikipedia.org/wiki/Samsung_Galaxy#cite_ref-2011model_51-0,0,1,1
https://en.wikipedia.org/wiki/Samsung_Galaxy_M54_5G,0,1,1
https://en.wikipedia.org/wiki/Samsung_Galaxy_A7_(2016),0,1,1
https://web.archive.org/web/20190711011745/https://www.techradar.com/news/the-lte-samsung-galaxy-watch-is-getting-an-overdue-one-ui-update,0,1,1
https://en.wikipedia.org/wiki/Samsung_Captivate,0,1,1
https://web.archive.org/web/20190711114637/https://www.sammobile.com/2019/04/08/samsung-confirms-merger-galaxy-j-galaxy-a/amp/,0,1,1
https://en.wikipedia.org/w/index.php?title=Samsung_Galaxy_Tab_A8_10.5&action=edit&redlink=1,0,1,1
https://en.wikipedia.org/wiki/Suwon_Samsung_Bluewings,0,1,1
https://en.wikipedia.org/wiki/Samsung_Gear#Samsung_Gear_IconX_(2018),0,1,1
https://en.wikipedia.org/wiki/Activity_tracker,0,1,1
https://en.wikipedia.org/wiki/Samsung_Galaxy_S20_FE,0,1,1
https://en.wikipedia.org/wiki/Samsung_Galaxy_A71,0,1,1
https://en.wikipedia.org/wiki/Samsung_SGH-A177,0,1,1
https://simple.wikipedia.org/wiki/Samsung_Galaxy,0,1,1
https://web.archive.org/web/20141102033117/http://www.goandroid.co.uk/samsung-revealed-galaxy-s4-zoom-with-16mp-camera-and-10x-optical-zoom-1175.html,0,1,1
https://en.wikipedia.org/wiki/Samsung_Galaxy#cite_ref-5,0,1,1
https://en.wikipedia.org/wiki/TechCrunch,0,1,1
https://en.wikipedia.org/wiki/Samsung_Galaxy_J5_Prime,0,1,1
https://en.wikipedia.org/wiki/Samsung_Epic_4G,0,1,1
https://en.wikipedia.org/wiki/Samsung_ZEQ_9000,0,1,1
https://en.wikipedia.org/wiki/Samsung_Galaxy_E_series,0,1,1
https://en.wikipedia.org/wiki/Samsung_B7300,0,1,1
https://en.wikipedia.org/wiki/Samsung_Galaxy#cite_ref-26,0,1,1
https://en.wikipedia.org/wiki/Samsung_i7500,0,1,1
https://en.wikipedia.org/wiki/Samsung_Galaxy_S_Duos_3,0,1,1
https://en.wikipedia.org/wiki/Samsung_Galaxy_Tab_S8%2B,0,1,1
https://en.wikipedia.org/wiki/Help:Introduction,0,1,1
https://en.wikipedia.org/w/index.php?title=Samsung_Galaxy&action=edit&section=2,0,1,1
https://en.wikipedia.org/wiki/Samsung_SGH-T401G,0,1,1
http://web.archive.org/web/20240214015620/https://design.samsung.com/global/contents/over-the-horizon/,0,1,1
https://en.wikipedia.org/wiki/Samsung_GT-E1200,0,1,1
https://news.samsung.com/global/new-over-the-horizon-theme-celebrates-positivity-and-optimism-in-an-evolving-world,0,1,1
https://en.wikipedia.org/wiki/Samsung_Galaxy#cite_ref-52,0,1,1
https://en.wikipedia.org/wiki/Samsung_Galaxy_J4%2B,0,1,1
https://en.wikipedia.org/wiki/Samsung_Galaxy#cite_ref-From_Rock_to_Classical-Pop_Crossovers:_New_Ocean-Inspired_‘Over_the_Horizon’_Celebrates_10th_Anniversary_of_Galaxy_Series_96-0,0,1,1
https://en.wikipedia.org/wiki/Samsung_Galaxy_M33_5G,0,1,1
https://foundation.wikimedia.org/wiki/Special:MyLanguage/Policy:Privacy_policy,0,1,1
https://en.wikipedia.org/wiki/Samsung_Galaxy_A10s,0,1,1
https://en.wikipedia.org/wiki/Samsung_Galaxy_J1_Ace,0,1,1
https://en.wikipedia.org/wiki/Upday,0,1,1
https://en.wikipedia.org/wiki/Special:EditPage/Template:Samsung_Electronics,0,1,1
https://en.wikipedia.org/wiki/Samsung_Galaxy_S21_FE,0,1,1
https://en.wikipedia.org/wiki/Samsung_Galaxy#cite_note-7,0,1,1
https://en.wikipedia.org/wiki/Template:Samsung_phones,0,1,1
https://en.wikipedia.org/wiki/AdGear,0,1,1
https://en.wikipedia.org/wiki/Windows_Phone,0,1,1
https://foundation.wikimedia.org/wiki/Special:MyLanguage/Policy:Cookie_statement,0,1,1
https://en.wikipedia.org/wiki/Template:Samsung_Galaxy_Note,0,1,1
https://en.wikipedia.org/wiki/Samsung_Galaxy#Software,0,1,1
https://en.wikipedia.org/wiki/Samsung_B7330_Omnia_Pro,0,1,1
https://foundation.wikimedia.org/wiki/Special:MyLanguage/Policy:Universal_Code_of_Conduct,0,1,1
https://en.wikipedia.org/wiki/Samsung_Galaxy_A14_5G,0,1,1
https://en.wikipedia.org/wiki/Samsung_U740_Alias,0,1,1
https://en.wikipedia.org/wiki/Samsung_Galaxy#cite_note-36,0,1,1
https://web.archive.org/web/20200627201355/https://www.androidauthority.com/long-live-galaxy-brand-japan-604346/,0,1,1
https://en.wikipedia.org/wiki/Samsung_Galaxy#cite_note-86,0,1,1
https://en.wikipedia.org/wiki/Samsung_Galaxy_Gear,0,1,1
https://en.wikipedia.org/wiki/Samsung_Galaxy#cite_ref-47,0,1,1
https://en.wikipedia.org/w/index.php?title=Samsung_Galaxy&action=edit&section=20,0,1,1
https://en.wikipedia.org/wiki/Google_Nexus_S,0,1,1
https://en.wikipedia.org/wiki/Samsung_Galaxy_Tab_S6_5G,0,1,1
https://en.wikipedia.org/wiki/Samsung_SGH-A127,0,1,1
https://en.wikipedia.org/w/index.php?title=Special:QrCode&url=https%3A%2F%2Fen.wikipedia.org%2Fwiki%2FSamsung_Galaxy,0,1,1
https://en.wikipedia.org/wiki/S_Voice,0,1,1
https://prepaid.t-mobile.com/prepaid-plans?brand=TMOPrepaid&icid=MGPR_MTW_U_EVTMOPREPD_3F1BE1C5C94EB7F638920&INTNAV=tNav%3APlans%3APrepaidPhonePlans,0,1,1
https://www.instagram.com/tmobile/,0,1,1
https://promotions.t-mobile.com/?INTNAV=fNav%3AAdditionalSupport%3ARedeemARebate,0,1,1
https://prepaid.t-mobile.com/home?INTNAV=tNav%3APrepaid,0,1,1
https://www.t-mobile.com/dns?INTNAV=fNav%3ADoNotSell&Brand=Magenta&Site=Sell_Web&Origin_URL=https%3A%2F%2Fwww.t-mobile.com,0,1,1
https://www.t-mobile.com/cell-phone-plans/international-roaming-plans/unlimited-calling-data-pass?INTNAV=fNav%3AEvenMorePlans%3AInternationalPasses,0,1,1
https://www.t-mobile.com/cell-phone-plans/affordable-data-plans/hotspots?INTNAV=fNav%3AEvenMorePlans%3AHotspotDataPlans,0,1,1
https://www.t-mobile.com/switch/free-cell-phone-with-plan?icid=MGPO_TMO_U_NPRMEPHNES_D4V3JQUFV5502Q3QQ28936&INTNAV=tNav%3ADeals%3AFreeAndZeroDown,0,1,1
https://www.t-mobile.com/accessory/samsung-s-view-wallet-case-for-samsung-galaxy-s24-ultra?sku=TMOM80570&icid=MGPO_TMO_U_EVDACCESS_89DB06D290A698CD38675,0,1,1
https://www.t-mobile.com/?INTNAV=tNav:Home,0,1,1
https://www.t-mobile.com/cell-phones/brand/samsung?icid=MGPO_TMO_P_EVGRNSMSG_KZS4I3UY3GCA7XG3028331,0,1,1
https://www.t-mobile.com/cell-phones/brand/google?INTNAV=fNav%3AShopCellPhonesByBrand%3AGooglePixelPhones,0,1,1
https://www.t-mobile.com/cell-phone/google-pixel-9-pro?INTNAV=fNav%3ANewFeaturedTabletsSmartwatchesAndMore%3ANewAppleiPhone16ProMax,0,1,1
https://www.t-mobile.com/dialed-in?INTNAV=fNav%3AHelpfulConsumerGuides%3ADialedIn,0,1,1
https://www.t-mobile.com/resources/bring-your-own-phone?INTNAV=fNav%3ASwitchToT-Mobile%3ABringYourOwnDevice,0,1,1
https://www.t-mobile.com/dialed-in/devices/samsung-galaxy-s24-vs-s24-plus-vs-s24-ultra?INTNAV=fNav%3AHelpfulConsumerGuides%3ASamsungGalaxyS24vsS24%2BvsS24Ultra,0,1,1
https://www.t-mobile.com/smart-watch/google-pixel-watch-3-45mm?INTNAV=fNav%3ANewFeaturedTabletsSmartwatchesAndMore%3AGooglePixelWatch345mm,0,1,1
https://www.t-mobile.com/accessories/brand/samsung?icid=MGPO_TMO_P_EVGRNSMSG_PZ7JZYM30K10A2WP33519,0,1,1
https://www.t-mobile.com/cell-phone/apple-iphone-16-pro?INTNAV=fNav%3ANewFeaturedTabletsSmartwatchesAndMore%3ANewAppleiPhone16Pro,0,1,1
https://www.t-mobile.com/responsibility/consumer-info/safety/9-1-1?INTNAV=fNav%3APublicSafety911,0,1,1
https://www.t-mobile.com/offers/switch-to-t-mobile-from-verizon-or-att?INTNAV=fNav%3ASwitchToT-Mobile%3ASwitchToT-MobileFromVerizonOrATTT,0,1,1
https://www.t-mobile.com/smart-watch/google-pixel-watch-3-41mm?INTNAV=fNav%3ANewFeaturedTabletsSmartwatchesAndMore%3AGooglePixelWatch341mm,0,1,1
https://www.t-mobile.com/devices/compare-iphone-models?INTNAV=fNav%3AHelpfulConsumerGuides%3ACompareiPhoneModels,0,1,1
https://www.t-mobile.com/tablets?INTNAV=tNav%3ADevices%3ATablets,0,1,1
https://www.t-mobile.com/cell-phones?INTNAV=tNav%3ADevices,0,1,1
https://www.t-mobile.com/switch/pay-off-carrier-etf-phone-deal?INTNAV=fNav%3ASwitchToT-Mobile%3ACarrierFreedomDeal,0,1,1
https://www.t-mobile.com/cell-phone-plans/international-roaming-plans?INTNAV=fNav%3AEvenMorePlans%3AInternationalPhonePlans,0,1,1
https://www.t-mobile.com/offers/free-trial?INTNAV=fNav%3ASwitchToT-Mobile%3ATryOur5gNetwork,0,1,1
https://www.t-mobile.com/privacy-center?INTNAV=fNav%3APrivacyCenter,0,1,1
https://www.t-mobile.com/cell-phones/brand/samsung?INTNAV=fNav%3AShopCellPhonesByBrand%3ASamsungGalaxyPhones,0,1,1
https://www.t-mobile.com/customers/scam-shield?INTNAV=tNav%3AWhy%3ABlockScamCalls,0,1,1
https://referrals.t-mobile.com/?INTNAV=fNav%3AT-MobileCustomerBenefits%3ARefer-a-Friend,0,1,1
https://community.t-mobile.com/?INTNAV=tNav%3AMyAccount%3ACommunity,0,1,1
https://www.t-mobile.com/cell-phone-plans/unlimited-55-senior-discount-plans?INTNAV=tNav%3APlans%3AUnlimitedAge55,0,1,1
https://www.t-mobile.com/cart?INTNAV=tNav:Cart,0,1,1
https://www.t-mobile.com/cell-phones/brand/samsung?icid=MGPO_TMO_P_24SMGXYNPI_C8816AC1ACE23BCB37809,0,1,1
https://www.t-mobile.com/tv-streaming?INTNAV=tNav%3ATv,0,1,1
https://www.t-mobile.com/cell-phone-plans/affordable-data-plans?ICID=MGPO_TMO_U_PLANSEVGRN_61JHBMALHS7B6ZHLP32938&INTNAV=fNav%3AEvenMorePlans%3ATabletDataPlans,0,1,1
https://www.t-mobile.com/cell-phone/apple-iphone-16-plus?INTNAV=fNav%3ANewFeaturedTabletsSmartwatchesAndMore%3ANewAppleiPhone16Plus,0,1,1
https://www.t-mobile.com/cell-phone/samsung-galaxy-s24-ultra?ICID=MGPO_TMO_U_24SMGXYNPI_C8816AC1ACE23BCB37630&INTNAV=fNav%3ANewFeaturedCellPhones%3ANewSamsungGalaxyS24Ultra,0,1,1
https://investor.t-mobile.com/default.aspx?INTNAV=fNav%3AInvestorRelations,0,1,1
https://www.t-mobile.com/accessories?INTNAV=tNav%3ADevices%3AAccessories&accessory+product+type=headphones&brand=samsung&icid=MGPO_TMO_U_EVDACCESS_89DB06D290A698CD40290,0,1,1
https://www.t-mobile.com/offers/deals-hub?icid=MGPO_TMO_P_EVGRNSMSG_GJFGXOP7HJE0PVC4F23255,0,1,1
https://www.t-mobile.com/contact-us?INTNAV=tNav:ContactUs,0,1,1
https://www.t-mobile.com/resources/how-to-join-us?INTNAV=tNav%3AJoin,0,1,1
https://www.t-mobile.com/cell-phone-plans?icid=MGPO_TMO_P_EVGRNSMSG_988IDNSJ4CQG4QPVX23257,0,1,1
https://www.t-mobile.com/smart-watch/samsung-galaxy-watch-ultra-47mm?INTNAV=fNav%3ANewFeaturedTabletsSmartwatchesAndMore%3ASamsungGalaxyWatchUltra47MM,0,1,1
https://www.t-mobile.com/accessory/samsung-galaxy-buds3-pro?icid=MGPO_TMO_C_EVDACCESS_89DB06D290A698CD40234,0,1,1
https://www.t-mobile.com/accessory/samsung-silicone-case-with-ring-for-samsung-galaxy-z-flip6?icid=MGPO_TMO_C_EVDACCESS_89DB06D290A698CD40232,0,1,1
https://www.t-mobile.com/responsibility/consumer-info/policies/internet-service?INTNAV=fNav%3AOpenInternet,0,1,1
https://www.t-mobile.com/accessory/samsung-galaxy-buds-fe?icid=MGPO_TMO_C_EVDACCESS_89DB06D290A698CD40229,0,1,1
https://www.t-mobile.com/responsibility?INTNAV=fNav%3AAboutT-Mobile%3ACorporateResponsibility,0,1,1
https://www.t-mobile.com/cell-phones?brand=samsung&icid=MGPO_TMO_U_24SB6Q6NPI_0119B176E82C4AEB40225,0,1,1
https://www.t-mobile.com/home-internet?INTNAV=tNav%3AInternet,0,1,1
https://www.t-mobile.com/offers/samsung-phone-deals#deals-watches-tablets,0,1,1
https://www.t-mobile.com/coverage/small-towns-rural-areas?INTNAV=tNav%3ACoverage%3ARural5GInternet,0,1,1
https://www.t-mobile.com/smart-watch/t-mobile-syncup-kids-watch-2?INTNAV=fNav%3ANewFeaturedTabletsSmartwatchesAndMore%3AT-MobileSyncUPKIDSWatch2,0,1,1
https://www.t-mobile.com/contact-us?INTNAV=fNav%3AAdditionalSupport%3AContactUs,0,1,1
https://www.t-mobile.com/responsibility/consumer-info/accessibility-policy?INTNAV=fNav%3AAccessibility,0,1,1
https://www.t-mobile.com/privacy-center/privacy-notices/t-mobile-privacy-notice.html?INTNAV=fNav%3AConsumerHealthDataPrivacyNotice#health-data-privacy-notice,0,1,1
https://www.t-mobile.com/cell-phones/brand/t-mobile?INTNAV=fNav%3AShopCellPhonesByBrand%3AT-MobileREVVLPhones,0,1,1
https://www.t-mobile.com/coverage/network?INTNAV=tNav%3ACoverage%3ANetwork,0,1,1
https://www.t-mobile.com/offers/t-mobile-tuesdays?INTNAV=fNav%3AT-MobileCustomerBenefits%3AT-MobileTuesdays,0,1,1
https://www.t-mobile.com/privacy-center?INTNAV=fNav%3AAboutT-Mobile%3APrivacyCenter,0,1,1
https://www.t-mobile.com/offers/samsung-phone-deals#Samsung-Deals-MOD-1,0,1,1
https://www.t-mobile.com/brand/benefits?INTNAV=tNav%3AWhy%3ABenefits,0,1,1
https://www.t-mobile.com/devices/tech-gifts?icid=MGPO_TMO_U_22EVGRTGFT_QGVVY5VS3PF9NDXB29698&INTNAV=tNav%3AWhy%3Atech-gifts,0,1,1
https://www.t-mobile.com/devices/phone-trade-in?INTNAV=fNav%3ASwitchToT-Mobile%3ACellPhoneTrade-In,0,1,1
https://www.t-mobile.com/offers/google-phone-deals?INTNAV=tNav%3ADeals%3AGoogle,0,1,1
https://careers.t-mobile.com?INTNAV=fNav%3ACareers,0,1,1
https://www.t-mobile.com/support/account/keeping-customers-safe-connected?INTNAV=fNav%3AAdditionalSupport%3ADomesticViolenceResources,0,1,1
https://www.t-mobile.com/signin?state=eyJpbnRlbnQiOiJQYXltZW50IiwiYm9va21hcmtVcmwiOiJodHRwczovL215LnQtbW9iaWxlLmNvbS9vbmV0aW1lcGF5bWVudCJ9&INTNAV=tNav%3AMyAccount%3ABillPay,0,1,1
https://www.t-mobile.com/cell-phones?brand=samsung&icid=MGPO_TMO_U_24SB6Q6NPI_0119B176E82C4AEB40226,0,1,1
https://twitter.com/TMobile,0,1,1
https://www.t-mobile.com/responsibility/legal/licenses-and-patents?INTNAV=fNav%3ALicenses-and-Patents,0,1,1
https://www.t-mobilepr.com/?INTNAV=fNav%3APuertoRico,0,1,1
https://www.telekom.com/en?INTNAV=fNav%3ADeutscheTelekom,0,1,1
https://www.t-mobile.com/brand/why-t-mobile?INTNAV=tNav%3AWhy%3AWhatMakesUsDifferent,0,1,1
https://www.t-mobile.com/cell-phone-plans/affordable-data-plans?INTNAV=tNav%3APlans%3AWatchAndTabletPlans,0,1,1
https://www.t-mobile.com/customers/emergency-broadband-benefit?INTNAV=fNav%3AAdditionalSupport%3AEmergencyBroadbandBenefit,0,1,1
https://www.t-mobile.com/business?INTNAV=tNav%3ABusiness,0,1,1
https://www.t-mobile.com/cell-phone/samsung-galaxy-s24-fe?icid=MGPO_TMO_U_24S24AALAQ_18D841A39FC954C440989,0,1,1
https://www.t-mobile.com/resources/how-to-join-us?INTNAV=fNav%3ASwitchToT-Mobile%3AHowToSwitchToT-Mobile,0,1,1
https://www.t-mobile.com/dialed-in/devices/samsung-galaxy-s24-vs-s23-series?INTNAV=fNav%3AHelpfulConsumerGuides%3ASamsungGalaxyS24vsGalaxyS23Series,0,1,1
https://www.t-mobile.com/offers/t-mobile-revvl-phone-deals?INTNAV=tNav%3ADeals%3AREVVL,0,1,1
https://www.t-mobile.com/coverage/network?INTNAV=tNav%3ACoverage,0,1,1
https://my.t-mobile.com/myphone/checkorder.html?INTNAV=tNav%3AContactUs%3ACheckOrderStatus,0,1,1
https://www.t-mobile.com/news?INTNAV=fNav%3AAboutT-Mobile%3ANews,0,1,1
https://www.t-mobile.com/hotspots-iot-connected-devices?INTNAV=tNav%3ADevices%3AHotspotsIoT,0,1,1
https://www.t-mobile.com/dialed-in/devices/best-samsung-phones?INTNAV=fNav%3AHelpfulConsumerGuides%3ABestSamsungPhoneIn2024,0,1,1
https://www.t-mobile.com/?INTNAV=fNav:Home,0,1,1
https://www.t-mobile.com/devices/new-samsung-phone-updates?icid=MGPO_TMO_P_24SMGXYNPI_C8816AC1ACE23BCB37810,0,1,1
https://www.t-mobile.com/offers/apple-iphone-deals?INTNAV=tNav%3ADeals%3AApple,0,1,1
https://www.t-mobile.com/offers/samsung-phone-deals?INTNAV=tNav%3ADeals%3ASamsung,0,1,1
https://www.facebook.com/TMobile,0,1,1
https://www.t-mobile.com/accessories?INTNAV=tNav%3ADevices%3AAccessories,0,1,1
https://www.t-mobile.com/tv-streaming?INTNAV=fNav%3AT-MobileCustomerBenefits%3ATvStreamingDeals,0,1,1
https://www.t-mobile.com/responsibility/legal/return-policy?INTNAV=fNav%3AAdditionalSupport%3AViewReturnPolicy,0,1,1
https://www.t-mobile.com/cell-phone-plans/military-discount-plans?INTNAV=tNav%3APlans%3AMilitaryVeterans,0,1,1
https://www.t-mobile.com/benefits/phone-protection-plans?INTNAV=fNav%3AT-MobileCustomerBenefits%3ADeviceprotectionplan,0,1,1
https://www.t-mobile.com/cell-phones/brand/motorola?INTNAV=fNav%3AShopCellPhonesByBrand%3AMotorolaMotoPhones,0,1,1
https://www.t-mobile.com/signin?state=eyJpbnRlbnQiOiJMb2dpbiIsImJvb2ttYXJrVXJsIjoiaHR0cHM6Ly93d3cudC1tb2JpbGUuY29tL2FjY291bnQvZGFzaGJvYXJkIn0=&INTNAV=tNav:LogIn,0,1,1
https://www.t-mobile.com/cell-phone-plans?INTNAV=tNav%3APlans%3AMagenta,0,1,1
https://www.t-mobile.com/apps/t-mobile-apps?INTNAV=fNav%3AT-MobileCustomerBenefits%3AT-MobileApps,0,1,1
https://www.t-mobile.com/offers?INTNAV=tNav%3ADeals,0,1,1
https://www.t-mobile.com/responsibility/consumer-info/policies/terms-of-use?INTNAV=fNav%3ATermsOfUse,0,1,1
https://www.t-mobile.com/news/category/network?INTNAV=tNav%3ACoverage%3A5GNews,0,1,1
https://www.t-mobile.com/smart-watch/apple-watch-series-10-46mm?INTNAV=fNav%3ANewFeaturedTabletsSmartwatchesAndMore%3AAppleWatchSeries1046mm,0,1,1
https://www.t-mobile.com/offers?INTNAV=tNav%3ADeals%3AAll,0,1,1
https://www.t-mobile.com/signin?state=eyJpbnRlbnQiOiJVUEciLCJib29rbWFya1VybCI6Imh0dHBzOi8vbXkudC1tb2JpbGUuY29tL3B1cmNoYXNlL3Nob3AifQ&INTNAV=tNav%3AMyAccount%3AUpgrade,0,1,1
https://www.t-mobile.com/commerce/cell-phone/samsung-galaxy-a35-5g?icid=MGPO_TMO_U_24AFFDZDFA_EA3CBBF02771668D38963,0,1,1
https://www.t-mobile.com/our-story?INTNAV=fNav%3AAboutT-Mobile%3AOurStory,0,1,1
https://www.t-mobile.com/accessory/samsung-25w-power-adapter?icid=MGPO_TMO_U_EVDACCESS_89DB06D290A698CD38677,0,1,1
https://www.t-mobile.com/cell-phones/brand/oneplus?INTNAV=fNav%3AShopCellPhonesByBrand%3AOnePlusPhones,0,1,1
https://www.t-mobile.com/responsibility/consumer-info?INTNAV=fNav%3AConsumerInformation,0,1,1
https://www.t-mobile.com/cell-phone-plans/first-responder-discounts?INTNAV=tNav%3APlans%3AFirstResponder,0,1,1
https://www.t-mobile.com/accessory/samsung-slim-s-pen-case-for-samsung-galaxy-z-fold6?icid=MGPO_TMO_C_EVDACCESS_89DB06D290A698CD40231,0,1,1
https://www.t-mobile.com/smart-watch/apple-watch-series-10-42mm?INTNAV=fNav%3ANewFeaturedTabletsSmartwatchesAndMore%3AAppleWatchSeries1042mm,0,1,1
https://www.t-mobile.com/commerce/cell-phone-plans?icid=MGPO_TMO_U_24SS244L25_84B0B18F9C806C3439809,0,1,1
https://www.t-mobile.com/benefits/travel?INTNAV=tNav%3AWhy%3ATravel,0,1,1
https://www.t-mobile.com/responsibility/legal/terms-and-conditions?INTNAV=fNav%3ATermsAndConditions,0,1,1
https://www.t-mobile.com/brand/project-10-million?ICID=MGPO_TMO_U_PROJCT10MM_F13EB9A1C05640BE40419&INTNAV=fNav%3AAdditionalSupport%3AFreeInternetforStudents,0,1,1
https://www.t-mobile.com/offers/samsung-phone-deals#deals-cell-phones,0,1,1
https://www.t-mobile.com/cell-phone/apple-iphone-16-pro-max?INTNAV=fNav%3ANewFeaturedTabletsSmartwatchesAndMore%3ANewAppleiPhone16ProMax,0,1,1
https://www.t-mobile.com/account/dashboard?INTNAV=tNav:BackToMyAccount,0,1,1
https://www.t-mobile.com/benefits/travel/in-flight-wifi?INTNAV=fNav%3AT-MobileCustomerBenefits%3AInFlightWi-Fi,0,1,1
https://www.t-mobile.com/privacy-center/our-practices/privacy-policy?INTNAV=fNav%3APrivacyPolicy,0,1,1
https://www.t-mobile.com/cell-phones/brand/apple?INTNAV=fNav%3AShopCellPhonesByBrand%3AAppleiPhone,0,1,1
https://www.youtube.com/user/TMobile/custom,0,1,1
https://www.t-mobile.com/signin?state=eyJpbnRlbnQiOiJPcmRlcnMiLCJib29rbWFya1VybCI6Imh0dHBzOi8vbXkudC1tb2JpbGUuY29tL215cGhvbmUvY2hlY2tvcmRlci5odG1sIn0=&INTNAV=tNav:MyAccount:CheckOrderStatus,0,1,1
https://www.t-mobile.com/about-us?INTNAV=fNav%3AAbout,0,1,1
https://security.t-mobile.com/?INTNAV=fNav%3ATrustCenter,0,1,1
https://www.t-mobile.com/resources/bring-your-own-phone?INTNAV=tNav%3ADevices%3ABYOD,0,1,1
https://www.t-mobile.com/home-internet/plans?INTNAV=tNav%3APlans%3AHomeInternet,0,1,1
https://www.t-mobile.com/support/account/whats-impacting-your-bill?INTNAV=fNav%3AAdditionalSupport%3ABilling,0,1,1
https://www.t-mobile.com/privacy-center/privacy-notices/t-mobile-privacy-notice?INTNAV=fNav%3APrivacyNotice,0,1,1
https://www.t-mobile.com/cell-phones?INTNAV=tNav%3ADevices%3ACellPhones,0,1,1
https://www.t-mobile.com/smart-watches/brand/samsung?icid=MGPO_TMO_U_24GLXYW380_F0DEFF95711E260540221,0,1,1
https://www.t-mobile.com/cell-phone/apple-iphone-16?INTNAV=fNav%3ANewFeaturedTabletsSmartwatchesAndMore%3ANewAppleiPhone16,0,1,1
https://www.t-mobile.com/commerce/cell-phone/samsung-galaxy-a15-5g?icid=MGPO_TMO_U_24LWRDWNPM_D95C0B5883EDAD5239027,0,1,1
https://www.t-mobile.com/accessory/samsung-ultimate-charging-bundle?icid=MGPO_TMO_C_EVDACCESS_89DB06D290A698CD40228,0,1,1
https://www.t-mobile.com/coverage/coverage-map?INTNAV=tNav%3ACoverage%3A5G4GCoverageMap,0,1,1
https://www.t-mobile.com/commerce/cell-phones?Brands=Samsung&icid=MGPO_TMO_U_24SS244L25_84B0B18F9C806C3439808,0,1,1
https://www.t-mobile.com/offers/motorola-phone-deals?INTNAV=tNav%3ADeals%3AMotorola,0,1,1
https://www.t-mobile.com/offers/samsung-phone-deals#deals-accessories,0,1,1
https://www.t-mobile.com/cell-phone-plans?INTNAV=tNav%3APlans,0,1,1
https://www.t-mobile.com/5g/phones?INTNAV=tNav%3ADevices%3A5GPhones,0,1,1
https://www.t-mobile.com/support?INTNAV=tNav%3AContactUs%3ASupport,0,1,1
https://www.t-mobile.com/?INTNAV=tNav%3AWireless,0,1,1
https://www.t-mobile.com/accessory/samsung-galaxy-buds3?icid=MGPO_TMO_C_EVDACCESS_89DB06D290A698CD40233,0,1,1
https://www.t-mobile.com/resources/how-to-join-us?INTNAV=tNav%3AWhy%3AHowToSwitch,0,1,1
https://www.t-mobile.com/smart-watch/samsung-galaxy-watch-fe-40mm?icid=MGPO_TMO_U_24GLXYW350_C8FD7CB69826F3D641072,0,1,1
https://www.t-mobile.com/offers/samsung-phone-deals#content-main,0,1,1
https://www.t-mobile.com/5g?INTNAV=tNav%3ACoverage%3AWhatIs5G,0,1,1
https://www.t-mobile.com/signin?state=eyJpbnRlbnQiOiJBQUwiLCJib29rbWFya1VybCI6Imh0dHBzOi8vbXkudC1tb2JpbGUuY29tL3B1cmNoYXNlL2RldmljZS1pbnRlbnQifQ&INTNAV=tNav%3AMyAccount%3AAddALine,0,1,1
https://www.t-mobile.com/offers/free-trial?INTNAV=tNav%3AWhy%3ATryOurNetwork,0,1,1
https://careers.t-mobile.com/?INTNAV=fNav%3AAboutT-Mobile%3AOurStory%3AT-MobileCareers,0,1,1
https://www.t-mobile.com/cell-phone-plans/affordable-data-plans/smartwatches?INTNAV=fNav%3AEvenMorePlans%3ASmartwatchDataPlans,0,1,1
https://www.t-mobile.com/smart-watches?INTNAV=tNav%3ADevices%3ASmartwatches,0,1,1
https://www.t-mobile.com/stores/locator?INTNAV=tNav:StoreLocator,0,1,1
https://www.t-mobile.com/news?INTNAV=fNav%3APress,0,1,1
https://www.t-mobile.com/dialed-in/devices/what-is-the-trade-in-value-of-your-iphone?INTNAV=fNav%3AHelpfulConsumerGuides%3AiPhonetrade-invalue,0,1,1
https://store.google.com/category/connected_home,0,1,1
https://www.googlenestcommunity.com/t5/forums/v5/forumtopicpage.kudosbuttonv2.kudoentity:kudoentity/kudosable-gid/116385?t:ac=board-id/Cameras/thread-id/18614&t:cp=kudos/contributions/tapletcontributionspage,0,1,1
https://www.googlenestcommunity.com/t5/notifications/notifymoderatorpage/message-uid/115805,0,1,1
https://www.googlenestcommunity.com/t5/forums/v5/forumtopicpage.kudosbuttonv2.kudoentity:kudoentity/kudosable-gid/125300?t:ac=board-id/Cameras/thread-id/18614&t:cp=kudos/contributions/tapletcontributionspage,0,1,1
https://www.googlenestcommunity.com/t5/forums/v5/forumtopicpage.kudosbuttonv2.kudoentity:kudoentity/kudosable-gid/113891?t:ac=board-id/Cameras/thread-id/18614&t:cp=kudos/contributions/tapletcontributionspage,0,1,1
https://www.googlenestcommunity.com/rss/message?board.id=Cameras&message.id=18761,0,1,1
https://www.googlenestcommunity.com/t5/notifications/notifymoderatorpage/message-uid/116360,0,1,1
https://www.googlenestcommunity.com/t5/forums/forumtopicprintpage/board-id/Cameras/message-id/22389/print-single-message/true/page/1,0,1,1
https://www.googlenestcommunity.com/rss/message?board.id=Cameras&message.id=22498,0,1,1
https://www.googlenestcommunity.com/rss/message?board.id=Cameras&message.id=22032,0,1,1
https://www.googlenestcommunity.com/t5/notifications/notifymoderatorpage/message-uid/118337,0,1,1
https://www.googlenestcommunity.com/t5/Cameras-and-Doorbells/Nest-doorbell-and-cam-whit-Samsung-smartphone/m-p/116409/highlight/true#M22509,0,1,1
https://www.googlenestcommunity.com/t5/Cameras-and-Doorbells/Nest-doorbell-and-cam-whit-Samsung-smartphone/m-p/125871/highlight/true#M24198,0,1,1
https://www.googlenestcommunity.com/t5/forums/v5/forumtopicpage.kudosbuttonv2.kudoentity:kudoentity/kudosable-gid/118337?t:ac=board-id/Cameras/thread-id/18614&t:cp=kudos/contributions/tapletcontributionspage,0,1,1
https://www.googlenestcommunity.com/t5/notifications/notifymoderatorpage/message-uid/94985,0,1,1
https://www.googlenestcommunity.com/rss/message?board.id=Cameras&message.id=24153,0,1,1
https://www.googlenestcommunity.com/t5/forums/forumtopicprintpage/board-id/Cameras/message-id/24153/print-single-message/true/page/1,0,1,1
https://www.googlenestcommunity.com/t5/forums/forumtopicprintpage/board-id/Cameras/message-id/22388/print-single-message/true/page/1,0,1,1
https://www.googlenestcommunity.com/t5/Cameras-and-Doorbells/Nest-indoor-cam-on-google-home/td-p/125925,0,1,1
https://www.googlenestcommunity.com/t5/user/viewprofilepage/user-id/93641,0,1,1
https://www.googlenestcommunity.com/t5/forums/forumtopicprintpage/board-id/Cameras/message-id/18614/print-single-message/true/page/1,0,1,1
https://www.googlenestcommunity.com/t5/Cameras-and-Doorbells/Nest-doorbell-and-cam-whit-Samsung-smartphone/m-p/125300/highlight/true#M24153,0,1,1
https://www.googlenestcommunity.com/t5/forums/v5/forumtopicpage.kudosbuttonv2.kudoentity:kudoentity/kudosable-gid/125298?t:ac=board-id/Cameras/thread-id/18614&t:cp=kudos/contributions/tapletcontributionspage,0,1,1
https://www.googlenestcommunity.com/rss/message?board.id=Cameras&message.id=22840,0,1,1
https://www.googlenestcommunity.com/,0,1,1
https://www.googlenestcommunity.com/t5/Cameras-and-Doorbells/Nest-doorbell-and-cam-whit-Samsung-smartphone/m-p/118344/highlight/true#M22841,0,1,1
https://www.googlenestcommunity.com/t5/notifications/notifymoderatorpage/message-uid/115784,0,1,1
https://www.googlenestcommunity.com/t5/Cameras-and-Doorbells/Nest-doorbell-and-cam-whit-Samsung-smartphone/m-p/96524/highlight/true#M18761,0,1,1
https://www.googlenestcommunity.com/t5/Cameras-and-Doorbells/Nest-doorbell-and-cam-whit-Samsung-smartphone/m-p/115265/highlight/true#M22269,0,1,1
https://www.googlenestcommunity.com/t5/notifications/notifymoderatorpage/message-uid/118344,0,1,1
https://www.googlenestcommunity.com/t5/forums/v5/forumtopicpage.kudosbuttonv2.kudoentity:kudoentity/kudosable-gid/94985?t:ac=board-id/Cameras/thread-id/18614&t:cp=kudos/contributions/tapletcontributionspage,0,1,1
https://www.googlenestcommunity.com/t5/Cameras-and-Doorbells/Nest-doorbell-and-cam-whit-Samsung-smartphone/m-p/115789/highlight/true#M22384,0,1,1
https://www.googlenestcommunity.com/t5/forums/forumtopicprintpage/board-id/Cameras/message-id/22032/print-single-message/true/page/1,0,1,1
https://www.googlenestcommunity.com/t5/forums/v5/forumtopicpage.kudosbuttonv2.kudoentity:kudoentity/kudosable-gid/116585?t:ac=board-id/Cameras/thread-id/18614&t:cp=kudos/contributions/tapletcontributionspage,0,1,1
https://www.googlenestcommunity.com/t5/user/viewprofilepage/user-id/115391,0,1,1
https://www.googlenestcommunity.com/t5/Cameras-and-Doorbells/Nest-doorbell-and-cam-whit-Samsung-smartphone/m-p/116356/highlight/true#M22483,0,1,1
https://www.googlenestcommunity.com/t5/forums/v5/forumtopicpage.kudosbuttonv2.kudoentity:kudoentity/kudosable-gid/116356?t:ac=board-id/Cameras/thread-id/18614&t:cp=kudos/contributions/tapletcontributionspage,0,1,1
https://www.googlenestcommunity.com/rss/message?board.id=Cameras&message.id=22841,0,1,1
https://www.googlenestcommunity.com/rss/message?board.id=Cameras&message.id=22380,0,1,1
https://www.googlenestcommunity.com/t5/Cameras-and-Doorbells/Nest-doorbell-and-cam-whit-Samsung-smartphone/m-p/115803/highlight/true#M22388,0,1,1
https://www.googlenestcommunity.com/t5/forums/filteredbylabelpage/board-id/Cameras/label-name/getting%20started,0,1,1
https://www.googlenestcommunity.com/t5/forums/forumtopicprintpage/board-id/Cameras/message-id/22841/print-single-message/true/page/1,0,1,1
https://www.googlenestcommunity.com/t5/Cameras-and-Doorbells/Nest-doorbell-and-cam-whit-Samsung-smartphone/m-p/95240/highlight/true#M18643,0,1,1
https://bit.ly/3haKtLX,0,1,1
https://www.googlenestcommunity.com/t5/forums/v5/forumtopicpage.kudosbuttonv2.kudoentity:kudoentity/kudosable-gid/125871?t:ac=board-id/Cameras/thread-id/18614&t:cp=kudos/contributions/tapletcontributionspage,0,1,1
https://www.googlenestcommunity.com/t5/forums/v5/forumtopicpage.kudosbuttonv2.kudoentity:kudoentity/kudosable-gid/118344?t:ac=board-id/Cameras/thread-id/18614&t:cp=kudos/contributions/tapletcontributionspage,0,1,1
https://www.googlenestcommunity.com/t5/notifications/notifymoderatorpage/message-uid/115803,0,1,1
https://www.googlenestcommunity.com/t5/Cameras-and-Doorbells/Nest-doorbell-and-cam-whit-Samsung-smartphone/m-p/115805/highlight/true#M22389,0,1,1
https://www.googlenestcommunity.com/t5/notifications/notifymoderatorpage/message-uid/96524,0,1,1
https://www.googlenestcommunity.com/t5/user/viewprofilepage/user-id/3598,0,1,1
https://www.googlenestcommunity.com/rss/message?board.id=Cameras&message.id=22384,0,1,1
https://www.googlenestcommunity.com/t5/forums/forumtopicprintpage/board-id/Cameras/message-id/18761/print-single-message/true/page/1,0,1,1
https://www.googlenestcommunity.com/rss/message?board.id=Cameras&message.id=22509,0,1,1
https://www.googlenestcommunity.com/t5/forums/v5/forumtopicpage.kudosbuttonv2.kudoentity:kudoentity/kudosable-gid/115264?t:ac=board-id/Cameras/thread-id/18614&t:cp=kudos/contributions/tapletcontributionspage,0,1,1
https://www.googlenestcommunity.com/t5/forums/v5/forumtopicpage.kudosbuttonv2.kudoentity:kudoentity/kudosable-gid/116476?t:ac=board-id/Cameras/thread-id/18614&t:cp=kudos/contributions/tapletcontributionspage,0,1,1
https://www.googlenestcommunity.com/t5/notifications/notifymoderatorpage/message-uid/118332,0,1,1
https://www.googlenestcommunity.com/t5/Home-Automation/bd-p/Home-Automation-CHIP,0,1,1
https://www.googlenestcommunity.com/rss/message?board.id=Cameras&message.id=22567,0,1,1
https://www.googlenestcommunity.com/t5/forums/filteredbylabelpage/board-id/Cameras/label-name/android,0,1,1
https://www.googlenestcommunity.com/t5/notifications/notifymoderatorpage/message-uid/125298,0,1,1
https://www.googlenestcommunity.com/t5/Apps-Account/bd-p/Apps,0,1,1
https://www.googlenestcommunity.com/t5/forums/v5/forumtopicpage.kudosbuttonv2.kudoentity:kudoentity/kudosable-gid/115784?t:ac=board-id/Cameras/thread-id/18614&t:cp=kudos/contributions/tapletcontributionspage,0,1,1
https://www.googlenestcommunity.com/t5/forums/forumtopicprintpage/board-id/Cameras/message-id/22384/print-single-message/true/page/1,0,1,1
https://www.googlenestcommunity.com/t5/Cameras-and-Doorbells/Nest-doorbell-and-cam-whit-Samsung-smartphone/m-p/116360/highlight/true#M22485,0,1,1
https://www.googlenestcommunity.com/t5/Nest-Wifi/bd-p/Nest-Wifi,0,1,1
https://www.googlenestcommunity.com/rss/message?board.id=Cameras&message.id=18643,0,1,1
https://www.facebook.com/madebygoogle/,0,1,1
https://www.googlenestcommunity.com/rss/message?board.id=Cameras&message.id=22388,0,1,1
https://www.googlenestcommunity.com/t5/notifications/notifymoderatorpage/message-uid/116585,0,1,1
https://www.googlenestcommunity.com/t5/forums/v5/forumtopicpage.kudosbuttonv2.kudoentity:kudoentity/kudosable-gid/95240?t:ac=board-id/Cameras/thread-id/18614&t:cp=kudos/contributions/tapletcontributionspage,0,1,1
http://support.google.com/googlenest?p=sj_googlenest_twitter,0,1,1
https://www.googlenestcommunity.com/t5/Cameras-and-Doorbells/Nest-doorbell-and-cam-whit-Samsung-smartphone/m-p/94985/highlight/true#M18614,0,1,1
https://www.googlenestcommunity.com/rss/message?board.id=Cameras&message.id=22268,0,1,1
https://www.samsung.com/us/smartphones/dual-sim-psim-esim-phones/,0,1,1
https://youtu.be/0NG4_Q9YV94,0,1,1
https://www.samsung.com/us/smartphones/galaxy-z-fold6/#galaxy-ai,0,1,1
https://www.samsung.com/us/smartphones/galaxy-a15/buy/,0,1,1
https://www.samsung.com/us/smartphones/#content,0,1,1
https://www.samsung.com/us/smartphones/galaxy-a15-5g/,0,1,1
https://www.samsung.com/us/smartphones/galaxy-s-series/certified-re-newed-store/buy/galaxy-s23-certified-re-newed-128gb-sm5s911uzkaxaa/?modelCode=SM5S911UZKAXAA,0,1,1
https://www.samsung.com/us/smartphones/galaxy-a-series/,0,1,1
https://www.samsung.com/us/mobile/connected-experience/,0,1,1
https://www.samsung.com/us/smartphones/galaxy-z-fold6/compare/,0,1,1
https://www.samsung.com/us/smartphones/galaxy-xcover/buy/,0,1,1
https://www.samsung.com/us/apps/bixby/,0,1,1
https://youtu.be/246d7YVbaSU,0,1,1
https://www.samsung.com/us/business/smartphones/galaxy-z-fold6/buy/,0,1,1
https://www.samsung.com/us/smartphones/#switch-to-galaxy,0,1,1
https://www.samsung.com/us/business/mobile/phones/galaxy-z-fold6/,0,1,1
https://youtu.be/Yb8mex9049Y,0,1,1
https://www.samsung.com/us/smartphones/galaxy-s24-ultra/buy/galaxy-s24-ultra-256gb-unlocked-sm-s928uztexaa/,0,1,1
https://www.samsung.com/us/smartphones/galaxy-a25-5g/,0,1,1
https://www.samsung.com/us/smartphones/#favorite-galaxy-features,0,1,1
https://www.samsung.com/us/smartphones/#power-for-your-passions,0,1,1
https://www.samsung.com/us/smartphones/galaxy-a25/buy/,0,1,1
https://www.samsung.com/us/samsung-wallet/,0,1,1
https://www.samsung.com/us/smartphones/galaxy-s24-ultra/buy/galaxy-s24-ultra-512gb-unlocked-sm-s928uztfxaa/,0,1,1
https://www.samsung.com/us/explore/entertainment/your-favorite-music-never-looked-so-good/,0,1,1
https://www.samsung.com/us/home-appliances/refrigerators/all-refrigerators/?type=BESPOKE&shop=Buy+Online,0,1,1
https://www.samsung.com/us/home-appliances/refrigerators/bespoke/bespoke-4-door-french-door-refrigerator-29-cu-ft-with-beverage-center-in-stainless-steel-rf29bb8600qlaa/,0,1,1
https://decotvframes.com/,0,1,1
https://www.samsung.com/us/explore/brand/the-do-more-for-the-planet-creator-phone-is-here/,0,1,1
https://www.samsung.com/us/#content,0,1,1
https://www.samsung.com/us/televisions-home-theater/home-theater/wireless-speakers/music-frame-hw-ls60d-za/,0,1,1
https://www.samsung.com/us/explore/sustainability/get-serious-about-climate-change-with-a-sustainability-issues-discussion/,0,1,1
https://www.samsung.com/us/computing/galaxy-books/galaxy-book4-edge/buy/,0,1,1
https://www.samsung.com/us/home-appliances/ranges/all-ranges/?offers=Cooking+Power+Pair,0,1,1
https://www.samsung.com/us/home-appliances/washers/bespoke/bespoke-ultra-capacity-front-load-washer-and-electric-dryer-in-brushed-navy-bndl-1657832070251/,0,1,1
https://www.samsung.com/us/smartphones/galaxy-s24-fe/buy/galaxy-s24-fe-128gb-unlocked-sm-s721uzkaxaa/,0,1,1
https://www.samsung.com/us/computing/monitors/gaming/34-g85sb-oled-ultra-wqhd-0-03ms-175hz-curved-smart-gaming-monitor-ls34bg850snxza/,0,1,1
https://www.samsung.com/us/home-appliances/refrigerators/all-refrigerators/?shop=Buy+Online,0,1,1
"https://www.samsung.com/us/home-appliances/cooktops-and-hoods/all-cooktops-and-hoods/?cooktop_type=Gas+Cooktops,Induction+Cooktops,Electric+Cooktops&shop=Buy+Online",0,1,1
https://www.samsung.com/us/home-appliances/ranges/gas/6-0-cu--ft--smart-bespoke-slide-in-gas-range-with-smart-dial--air-fry---wi-fi-in-white-glass-nx60bb871112aa/,0,1,1
https://www.samsung.com/us/televisions-home-theater/tvs/samsung-neo-qled-4k/85-class-qn90d-samsung-neo-qled-4k-qn85qn90dafxza/,0,1,1
https://www.samsung.com/us/home-appliances/refrigerators/bespoke/bespoke-4-door-flex-refrigerator-29-cu-ft-with-ai-family-hub-and-ai-vision-inside-n-stainless-steel-rf29db9900qdaa/,0,1,1
https://www.samsung.com/us/smartphones/galaxy-z-fold6/buy/galaxy-z-fold6-256gb-unlocked-sm-f956uakaxaa/,0,1,1
https://www.samsung.com/us/televisions-home-theater/tvs/oled-tvs/77-class-oled-s90d-qn77s90dafxza/,0,1,1
https://www.samsung.com/us/televisions-home-theater/tvs/qled-4k-tvs/85-class-qled-4k-qe1d-qn85qe1dafxza/,0,1,1
https://www.samsung.com/us/explore/brand/How-to-power-your-way-to-a-more-productive-fall-with-Samsung-AI-and-SmartThings/,0,1,1
https://www.samsung.com/us/televisions-home-theater/tvs/oled-tvs/48-class-oled-s90d-qn48s90daexza/,0,1,1
https://www.samsung.com/us/computing/monitors/gaming/57-odyssey-neo-g9-dual-4k-uhd-quantum-mini-led-240hz-1ms-hdr-1000-curved-gaming-monitor-ls57cg952nnxza/,0,1,1
https://www.samsung.com/us/privacy/ccpa/,0,1,1
https://www.samsung.com/us/televisions-home-theater/tvs/the-frame/65-class-the-frame-qled-4k-ls03d-qn65ls03dafxza/,0,1,1
https://www.samsung.com/us/televisions-home-theater/tvs/samsung-neo-qled-4k/85-class-samsung-neo-qled-4k-qnx1d-qn85qnx1dafxza/,0,1,1
https://www.samsung.com/us/watches/galaxy-watch-ultra/buy/galaxy-watch-ultra-47mm-titanium-gray-sm-l705udaaxaa/,0,1,1
https://www.samsung.com/us/televisions-home-theater/tvs/portable-projector/the-freestyle-with-gaming-hub-sp-lff3claxxza/,0,1,1
https://www.samsung.com/us/computing/monitors/gaming/49-odyssey-g9-dqhd-240hz-1ms-gtg-displayhdr-1000-gaming-monitor-ls49cg954enxza/,0,1,1
https://www.samsung.com/us/computing/monitors/gaming/49-odyssey-oled-g95sc-dqhd-neo-quantum-processor-pro-0-03ms-240hz-curved-smart-gaming-monitor-ls49cg954snxza/,0,1,1
https://www.samsung.com/us/common/visitlocationsite.html,0,1,1
https://shopsamsung.page.link/hJbyG5aVLAUMF2yt7,0,1,1
https://www.samsung.com/us/support/contact/email-the-ceo/,0,1,1
https://www.samsung.com/us/support/range-knob-kit,0,1,1
https://www.samsung.com/us/support/find-mobile-care,0,1,1
http://www.hp.com/support/samsung,0,1,1
https://www.samsung.com/us/aboutsamsung/ir/newsMain.do,0,1,1
https://www.samsung.com/global/sustainability/main,0,1,1
https://k7wz8.app.goo.gl/2nM3tMxztZ4mk27X2,0,1,1
https://k7wz8.app.goo.gl/17maCKGxW7lK4qyO2,0,1,1
http://www.hp.com/go/samsungsupplies,0,1,1
https://www.samsung.com/us/web/account/my-referrals,0,1,1
http://www.hp.com/go/suppliesrecycling,0,1,1
https://www.samsung.com/us/business/mobile/phones/?shop=Buy+Online,0,1,1
https://www.samsung.com/us/expert-chat/?compare_instant,0,1,1
https://v3.account.samsung.com/dashboard/profile,0,1,1
http://www.hp.com/go/samsung,0,1,1
https://www.samsung.com/us/shop/offer-program/galaxy-campus/,0,1,1
https://www.samsung.com/us/mobile/phones/,0,1,1
https://www.verizon.com/solutions-and-services/add-ons/mobile/,0,1,1
https://www.verizon.com/basic-phones/prepaid/,0,1,1
https://www.verizon.com/home/internet?type=moving,0,1,1
https://www.verizon.com/deals/products/,0,1,1
https://www.verizon.com/my-access-rewards/,0,1,1
https://www.verizon.com/smartphones/samsung-galaxy-note-20-5g-certified-pre-owned/,0,1,1
https://www.verizon.com/products/watch-accessories/,0,1,1
https://www.verizon.com/products/magsafe/,0,1,1
https://www.verizon.com/shop/,0,1,1
https://www.verizon.com/products/,0,1,1
https://www.verizon.com/smartphones/,0,1,1
https://www.verizon.com/smartphones/samsung-galaxy-note-20-ultra-5g-certified-pre-owned/,0,1,1
https://www.verizon.com/smartwatches/prepaid/,0,1,1
https://www.verizon.com/privacy/secure/your-data,0,1,1
https://www.verizon.com/products/otterbox/,0,1,1
https://www.verizon.com/solutions-and-services/apps/youtube-tv/,0,1,1
https://www.verizon.com/smartphones/samsung-galaxy-a54-5g/,0,1,1
https://www.verizon.com/home/accessories/phone-equipment/,0,1,1
https://www.verizon.com/info/sitemap/,0,1,1
https://www.verizon.com/sales/nextgen/mdnselection.html?mtnFlow=M&fromGnav=true,0,1,1
https://www.verizon.com/solutions-and-services/add-ons/protection-and-security/,0,1,1
https://www.verizon.com/solutions-and-services/disneyplus/,0,1,1
https://www.verizon.com/solutions-and-services/add-ons/home/,0,1,1
https://myvprepay.verizon.com/prepaid/ui/mobile/InstantPay/,0,1,1
https://www.verizon.com/digital/nsa/secure/ui/raf/,0,1,1
https://mblogin.verizonwireless.com/account/business/signin,0,1,1
https://www.verizon.com/products/phone-screen-protectors/,0,1,1
https://www.verizon.com/smartphones/samsung-galaxy-s21-fe-5g-certified-pre-owned/,0,1,1
https://www.verizon.com/solutions-and-services/report-security-vulnerability/,0,1,1
https://www.verizon.com/smartphones/samsung-galaxy-z-flip5/,0,1,1
https://www.verizon.com/featured/students/,0,1,1
https://www.verizon.com/coverage-map/,0,1,1
https://www.verizon.com/smartphones/samsung-galaxy-s24/ ,0,1,1
https://www.verizon.com/solutions-and-services/verizon-visa-card/?origin=gnavFooter,0,1,1
https://www.verizon.com/smartphones/samsung-galaxy-z-fold6,0,1,1
https://www.verizon.com/business/,0,1,1
https://www.nmlsconsumeraccess.org/,0,1,1
https://www.verizon.com/connected-smartwatches/samsung-galaxy-watch6/,0,1,1
https://www.verizon.com/smartphones/samsung-galaxy-z-flip6/,0,1,1
https://www.verizon.com/solutions-and-services/add-ons/,0,1,1
https://mycareer.verizon.com/,0,1,1
https://www.verizon.com/support/customer-agreement/,0,1,1
https://www.verizon.com/support/contact-us/,0,1,1
https://www.verizon.com/home-office-solutions/,0,1,1
https://twitter.com/verizonfios,0,1,1
https://www.verizon.com/support/check-network-status/,0,1,1
https://www.verizon.com/military/,0,1,1
https://myvpostpay.verizon.com/ui/hub/ao/myoffers#/,0,1,1
https://secure.verizon.com/signin?goto=https%3A%2F%2Fwww.verizon.com%2Ffeatured%2Fintent%2F%3Fintent%3Dpaybill,0,1,1
https://www.verizon.com/smartphones/samsung-galaxy-s24-plus/,0,1,1
https://www.verizon.com/solutions-and-services/add-ons/safety/,0,1,1
https://www.verizon.com/products/beats/,0,1,1
https://www.verizon.com/smartphones/apple-iphone-16-pro/,0,1,1
https://www.verizon.com/deals/smartphones/,0,1,1
https://www.verizon.com/plans/devices/connected-cars#tab-nav,0,1,1
https://www.verizon.com/smartphones/samsung-galaxy-s22-plus-certified-pre-owned/,0,1,1
https://www.verizon.com/bring-your-own-device/,0,1,1
https://www.verizon.com/inhome/resumecart?xpssource=learn&gnavOffSearchFlag=true,0,1,1
https://www.verizon.com/family-tech/,0,1,1
https://www.verizon.com/plans/prepaid/,0,1,1
https://www.verizon.com/entertainment/,0,1,1
https://www.verizon.com/deals/,0,1,1
https://www.verizon.com/solutions-and-services/add-ons/entertainment/apple-arcade/,0,1,1
https://www.verizon.com/smartphones/samsung-galaxy-s24-ultra/,0,1,1
https://www.verizon.com/wireless-devices/smartphones/google/,0,1,1
https://www.verizon.com/gaming/gaming-store/,0,1,1
https://www.verizon.com/plans/devices/,0,1,1
https://www.verizon.com/home/accessories/cables-connectors/,0,1,1
https://www.verizon.com/featured/jetpack-recall,0,1,1
https://www.verizon.com/smartphones/google-pixel-9-pro/,0,1,1
https://www.facebook.com/verizon,0,1,1
https://www.tracfonewirelessinc.com/,0,1,1
https://www.verizon.com/digital/nsa/secure/ui/vzup/,0,1,1
https://www.verizon.com/smartphones/apple-iphone-16-plus/,0,1,1
https://www.verizon.com/wireless-devices/smartphones/motorola/,0,1,1
https://www.verizon.com/support/,0,1,1
https://www.verizon.com/products/phone-accessories/elizabeth-james/,0,1,1
https://www.instagram.com/verizon/,0,1,1
https://www.verizon.com/products/phone-accessories/verizon/?sort=best-sellers,0,1,1
https://www.verizon.com/prepaid/smartwatch-plans/,0,1,1
https://www.verizon.com/internet-devices/,0,1,1
https://www.verizon.com/solutions-and-services/add-ons/entertainment/discovery-plus/,0,1,1
https://www.verizon.com/digital/nsa/secure/ui/products/ehub/home,0,1,1
https://www.verizon.com/home/accessories/,0,1,1
https://www.verizon.com/products/cases/,0,1,1
https://www.verizon.com/products/wearable-tech/?s_ProductType=Smart-Glasses,0,1,1
https://www.verizon.com/discounts/,0,1,1
https://www.verizon.com/wireless-devices/smartphones/iphone/,0,1,1
https://www.verizon.com/featured/shop-phones-devices/,0,1,1
https://www.verizon.com/support/lifeline/,0,1,1
https://www.verizon.com/home/,0,1,1
https://www.verizon.com/smartphones/samsung-galaxy-s21-5g-certified-pre-owned/,0,1,1
https://www.verizon.com/gaming/,0,1,1
https://www.verizon.com/business/solutions/small-business/?cmp=vcgref:vcg_nav_shop_business,0,1,1
https://www.verizon.com/smartphones/samsung-galaxy-a15-5g/,0,1,1
https://www.verizon.com/prepaid/data-only-plans/,0,1,1
https://www.verizon.com/featured/giving-more/,0,1,1
https://www.verizon.com/internet-devices/prepaid/,0,1,1
https://www.verizon.com/wireless-devices/amazon/,0,1,1
https://www.verizon.com/tablets/prepaid/,0,1,1
https://www.verizon.com/smartphones/samsung-galaxy-s23-fe/,0,1,1
https://www.verizon.com/about/terms-conditions/overview,0,1,1
https://www.verizon.com/products/fitbit/,0,1,1
https://www.verizon.com/products/phone-attachments/,0,1,1
https://www.verizon.com/products/wearable-tech/?s_ProductType=Smart-Rings,0,1,1
https://www.verizon.com/smartphones/samsung-galaxy-s23-plus/,0,1,1
https://www.verizon.com/shop/online/free-cell-phones/,0,1,1
https://www.verizon.com/solutions-and-services/my-verizon-mobile/,0,1,1
https://www.verizon.com/accessibility/,0,1,1
https://www.verizon.com/smart-home/,0,1,1
https://www.verizon.com/smartphones/samsung-galaxy-a23-5g-uw/,0,1,1
https://espanol.verizon.com/,0,1,1
https://www.verizon.com/smartphones/samsung-galaxy-s23/,0,1,1
https://www.verizon.com/support/radio-emissions/,0,1,1
https://www.verizon.com/featured/prepaid/why-verizon/,0,1,1
https://www.verizon.com/solutions-and-services/add-ons/entertainment/apple-music/,0,1,1
https://www.verizon.com/connected-smartwatches/certified-pre-owned/,0,1,1
https://www.verizon.com/trade-in/,0,1,1
https://www.verizon.com/plans/unlimited/,0,1,1
https://www.verizon.com/solutions-and-services/add-ons/entertainment/google-play-pass,0,1,1
https://secure.verizon.com/signin,0,1,1
https://www.verizon.com/smartphones/samsung-galaxy-s20-ultra-5g-certified-pre-owned/,0,1,1
https://www.verizon.com/products/mophie/,0,1,1
https://www.verizon.com/discounts/verizon-forward/,0,1,1
https://www.verizon.com/plans/prepaid/international/,0,1,1
https://www.verizon.com/products/apple-airpods-max-headphones/,0,1,1
https://www.verizon.com/products/sale/,0,1,1
https://www.verizon.com/accessibility,0,1,1
https://www.verizon.com/about/privacy/full-privacy-policy?scrollto=index-1#acc-item-55,0,1,1
https://www.verizon.com/smartphones/certified-pre-owned/,0,1,1
https://www.verizon.com/smartphones/samsung-galaxy-z-fold6/,0,1,1
https://www.facebook.com/Fios/,0,1,1
https://www.verizon.com/support/surcharges/,0,1,1
https://www.verizon.com/products/chargers/,0,1,1
https://www.verizon.com/products/zagg/,0,1,1
https://www.verizon.com/featured/nurses/,0,1,1
https://www.verizon.com/business/support/?cmp=int:int:aw:smb:my_business:nav_business_support,0,1,1
https://www.verizon.com/home/accessories/networking-wifi/,0,1,1
https://www.verizon.com/smartphones/samsung-galaxy-s22-certified-pre-owned/,0,1,1
https://www.verizon.com/products/tablet-accessories/,0,1,1
https://www.verizon.com/,0,1,1
https://www.verizon.com/privacy/your-privacy-choices,0,1,1
https://www.verizon.com/5g/,0,1,1
https://www.verizon.com/about/privacy/about-our-ads,0,1,1
https://www.verizon.com/about/privacy/,0,1,1
https://www.verizon.com/about/responsibility,0,1,1
https://www.verizon.com/stores/,0,1,1
https://www.verizon.com/phone-tablet-accessories/,0,1,1
https://www.verizon.com/smartphones/samsung-galaxy-s21-plus-5g-certified-pre-owned/,0,1,1
https://www.verizon.com/about/our-company/innovation-labs,0,1,1
https://www.verizon.com/about/our-company/open-internet,0,1,1
https://www.verizon.com/support/residential/announcements/,0,1,1
https://www.verizon.com/home/internet/fios-fastest-internet/,0,1,1
https://twitter.com/verizon,0,1,1
https://www.verizon.com/smartphones/samsung-galaxy-s21-ultra-5g-certified-pre-owned/,0,1,1
https://www.verizon.com/home/fios-tv/,0,1,1
https://www.verizon.com/smartphones/samsung-galaxy-s20-5g-uw-certified-pre-owned/,0,1,1
https://www.verizon.com/home/accessories/all-accessories/,0,1,1
https://www.verizon.com/about/responsibility/verizon-innovative-learning/,0,1,1
https://www.verizon.com/featured/first-responders/,0,1,1
https://www.verizon.com/about,0,1,1
https://community.verizon.com/t5/custom/page/page-id/yourprivacychoices,0,1,1
https://www.verizon.com/support/return-policy/,0,1,1
https://www.youtube.com/user/verizon,0,1,1
https://www.verizon.com/plans/,0,1,1
https://www.verizon.com/solutions-and-services/add-ons/financial-services/,0,1,1
https://www.verizon.com/smartphones/apple-iphone-16/,0,1,1
https://www.verizon.com/prepaid/,0,1,1
https://www.verizon.com/products/phone-cases/,0,1,1
https://www.verizon.com/plans/international/,0,1,1
https://www.verizon.com/tablets/,0,1,1
https://www.verizon.com/featured/teachers/,0,1,1
https://www.verizon.com/smartphones/prepaid/,0,1,1
https://www.verizon.com/smartphones/apple-iphone-16-pro-max/,0,1,1
https://www.verizon.com/smartphones/samsung-galaxy-z-fold5/,0,1,1
https://ss7.vzw.com/is/content/VerizonWireless/Device-Payment-Agreement-Template,0,1,1
https://www.verizon.com/home/internet/,0,1,1
https://www.verizon.com/home/internet/5g/,0,1,1
https://www.verizon.com/home/internet/lte/,0,1,1
https://www.verizon.com/speedtest/,0,1,1
https://www.verizon.com/articles/,0,1,1
https://www.verizon.com/products/charging/,0,1,1
https://community.verizon.com/,0,1,1
https://www.verizon.com/support/collateraldownload/,0,1,1
https://www.verizon.com/discounts/phone-home-internet-bundle/,0,1,1
https://www.verizon.com/deals/home-internet/,0,1,1
https://www.verizon.com/home/accessories/remote-controls/,0,1,1
https://www.verizon.com/batteries-and-chargers/,0,1,1
https://www.verizon.com/connected-smartwatches/apple-watch-series-10/,0,1,1
https://www.verizon.com/smartphones/?condition=unlocked,0,1,1
https://www.verizon.com/smartphones/samsung/#gnav20-header-end,0,1,1
https://www.verizon.com/products/smart-home/?s_ProductType=FWA-Accessories,0,1,1
https://secure.verizon.com/account/register/start,0,1,1
https://www.verizon.com/plusplay/,0,1,1
https://www.verizon.com/products/fitness-trackers/,0,1,1
https://www.verizon.com/smartphones/samsung-galaxy-s24-fe/,0,1,1
https://www.verizon.com/products/wearable-tech/,0,1,1
https://www.verizon.com/products/jbl/,0,1,1
https://www.verizon.com/referafriend/,0,1,1
https://www.verizon.com/rewards/checkcart0/,0,1,1
https://www.verizon.com/legal/notices/legal-notices/,0,1,1
https://www.verizon.com/about/privacy/health-privacy-notice,0,1,1
https://www.verizon.com/wireless-devices/samsung/,0,1,1
https://www.verizon.com/solutions-and-services/verizon-visa-card/?origin=gnavHeader,0,1,1
https://www.verizon.com/audio/,0,1,1
https://www.verizon.com/smartphones/samsung-galaxy-s24/,0,1,1
https://www.verizon.com/solutions-and-services/add-ons/entertainment/,0,1,1
https://www.verizon.com/bring-your-own-device/activate,0,1,1
https://www.verizon.com/about/news,0,1,1
https://www.verizon.com/connected-smartwatches/,0,1,1
https://www.verizon.com/gaming/xbox-all-access/,0,1,1
https://www.verizon.com/deals/prepaid/,0,1,1
https://www.samsung.com/levant/tvs/58-inch-tvs/,0,1,1
https://www.samsung.com/levant/air-conditioners/,0,1,1
https://www.facebook.com/SamsungJordan/,0,1,1
https://www.samsung.com/levant/vacuum-cleaners/,0,1,1
https://www.samsung.com/levant/shop-faq/,0,1,1
https://www.samsung.com/levant/about-us/business-area/,0,1,1
https://www.samsung.com/levant/tvs/98-inch-tvs/,0,1,1
https://www.samsung.com/levant/mobile/switch-to-galaxy/,0,1,1
https://www.samsung.com/levant/offer/student-discounts/,0,1,1
https://www.samsung.com/levant/tvs/all-tvs/?oled-tv,0,1,1
https://www.samsung.com/levant/search/?searchvalue=mobile#support,0,1,1
https://www.samsung.com/levant/tvs/40-inch-tvs/,0,1,1
https://www.samsung.com/levant/mypage/myrepair/track-repair/,0,1,1
https://www.samsung.com/levant/cooking-appliances/all-cooking-appliances/,0,1,1
https://www.samsung.com/levant/tvs/75-inch-tvs/,0,1,1
https://r2.community.samsung.com/t5/SELV-Jordan/ct-p/jo?page=1&tab=recent_topics,0,1,1
https://www.samsung.com/levant/business/offers/,0,1,1
https://www.samsung.com/levant/smartphones/galaxy-m/,0,1,1
https://www.samsung.com/levant/about-us/ethics/,0,1,1
https://www.samsung.com/levant/info/legal/,0,1,1
https://www.samsung.com/levant/smartphones/galaxy-z-fold6/,0,1,1
https://www.samsung.com/levant/audio-devices/soundbar/?q-series-soundbars,0,1,1
https://www.samsung.com/levant/tvs/all-tvs/?full-hd+hd-tv,0,1,1
https://www.samsung.com/levant/tvs/all-tvs/,0,1,1
https://www.samsung.com/levant/tvs/65-inch-tvs/,0,1,1
https://www.samsung.com/levant/washers-and-dryers/all-washers-and-dryers/,0,1,1
https://www.samsung.com/levant/offer/home-appliances/,0,1,1
https://www.samsung.com/levant/smartphones/galaxy-z-flip6/buy/,0,1,1
https://www.samsung.com/levant/sustainability/diversity-and-inclusion/,0,1,1
https://shop.samsung.com/jo/terms-and-conditions,0,1,1
https://www.samsung.com/levant/function/ipredirection/ipredirectionLocalList/,0,1,1
https://shop.samsung.com/jo/cart/,0,1,1
https://www.samsung.com/levant/tvs/55-inch-tvs/,0,1,1
https://www.samsung.com/levant/mypage/myproducts/,0,1,1
https://www.samsung.com/levant/storelocator/,0,1,1
https://www.samsung.com/levant/smartphones/galaxy-a/galaxy-a55-5g-awesome-navy-256gb-sm-a556ezkwmea/,0,1,1
https://www.samsung.com/levant/vacuum-cleaners/robot/,0,1,1
https://www.samsung.com/levant/mobile/,0,1,1
https://live-chat-static.sprinklr.com/chat/page/Cc43fTwcE/index.html?appId=617270deb7bb3264593ad307_app_1045695,0,1,1
https://www.samsung.com/levant/samsung-experience-store/about/,0,1,1
https://www.samsung.com/levant/tv-accessories/all-tv-accessories/,0,1,1
https://www.samsung.com/levant/audio-devices/,0,1,1
https://www.samsung.com/levant/refrigerators/,0,1,1
https://www.samsung.com/levant/offer/corporate-epp/,0,1,1
https://www.samsung.com/levant/galaxy-ai/,0,1,1
https://www.samsung.com/levant/refrigerators/one-door/,0,1,1
https://www.samsung.com/levant/monitors/,0,1,1
https://www.samsung.com/levant/air-conditioners/windfree/,0,1,1
https://shop.samsung.com/jo/mypage/orders,0,1,1
https://www.samsung.com/levant/smartphones/galaxy-s/,0,1,1
https://csr.samsung.com/en/main.do,0,1,1
https://www.samsung.com/levant/mobile/upgrade-to-galaxy/,0,1,1
https://www.samsung.com/levant/news/,0,1,1
https://www.samsung.com/levant/mobile-accessories/all-mobile-accessories/?smartphones,0,1,1
https://www.samsung.com/levant/tvs/tv-buying-guide/what-size-tv-should-i-get/,0,1,1
https://www.samsung.com/levant/mobile/why-galaxy/,0,1,1
https://www.samsung.com/levant/info/privacy/,0,1,1
https://www.samsung.com/levant/about-us/careers/,0,1,1
https://www.samsung.com/levant/vacuum-cleaners/stick/,0,1,1
https://www.samsung.com/levant/tvs/qled-tv/highlights/,0,1,1
https://www.samsung.com/levant/explore/,0,1,1
https://twitter.com/SamsungLEVANT?lang=en,0,1,1
https://www.samsung.com/levant/about-us/brand-identity/,0,1,1
https://www.samsung.com/levant/monitors/high-resolution/,0,1,1
https://www.samsung.com/levant/support/warranty/,0,1,1
https://www.samsung.com/levant/one-ui/,0,1,1
https://www.samsung.com/levant/refrigerators/all-refrigerators/?bottom-mount-freezer,0,1,1
https://www.samsung.com/levant/refrigerators/all-refrigerators/?bespoke,0,1,1
https://www.samsung.com/levant/accessories/,0,1,1
https://www.samsung.com/levant/support/newsalert/,0,1,1
https://www.samsung.com/levant/support/,0,1,1
https://www.samsung.com/levant/washers-and-dryers/washer-dryer-combo/,0,1,1
https://www.samsung.com/levant/audio-sound/,0,1,1
https://www.samsung.com/levant/tvs/all-tvs/?neo-qled,0,1,1
https://www.samsung.com/levant/refrigerators/french-door/,0,1,1
https://www.samsung.com/levant/cooking-appliances/ovens/,0,1,1
https://www.samsung.com/levant/home-appliances/bespoke-home/,0,1,1
https://www.samsung.com/levant/offer/price-promise/,0,1,1
https://www.samsung.com/levant/multistore/jo_samsung_employee/,0,1,1
https://www.samsung.com/levant/,0,1,1
https://www.samsung.com/levant/offer/trade-up/,0,1,1
https://www.samsung.com/levant/multistore/jo_samsung_universities/,0,1,1
https://www.samsung.com/levant/monitors/curved/,0,1,1
https://www.samsung.com/levant/refrigerators/all-refrigerators/,0,1,1
https://www.samsung.com/levant/support/user-manuals-and-guide/,0,1,1
https://www.samsung.com/levant/tvs/50-inch-tvs/,0,1,1
https://www.samsung.com/levant/tvs/qled-tv/,0,1,1
https://www.samsung.com/levant/tablets/galaxy-tab-s/galaxy-tab-s9-ultra-wi-fi-graphite-256gb-sm-x910nzaamea/,0,1,1
https://www.samsung.com/levant/microwave-ovens/all-microwave-ovens/,0,1,1
https://www.samsung.com/levant/about-us/company-info/,0,1,1
https://www.samsung.com/levant/smartthings/,0,1,1
https://www.samsung.com/levant/refrigerators/side-by-side/,0,1,1
https://shop.samsung.com/jo/my-account/profile,0,1,1
https://www.samsung.com/levant/rewards/,0,1,1
https://www.samsung.com/levant/tvs/32-inch-tvs/,0,1,1
https://www.samsung.com/levant/offer/tvs-and-sound-devices/,0,1,1
https://www.samsung.com/levant/offer/,0,1,1
https://www.samsung.com/levant/sustainability/environment/,0,1,1
https://www.samsung.com/levant_ar/,0,1,1
https://www.samsung.com/levant/smartphones/galaxy-a/,0,1,1
https://www.samsung.com/levant/tvs/8k-tv/,0,1,1
https://forms-prod.sprinklr.com/guided-workflows/64a289676374884b707f7a5c?gwId=657b015c92762028c174ea5e&viewType=FULL_PAGE,0,1,1
https://www.samsung.com/levant/audio-devices/all-audio-devices/?sound-tower,0,1,1
https://www.samsung.com/levant/projectors/the-freestyle/the-freestyle-sp-lsp3blaxtw/,0,1,1
https://www.samsung.com/levant/tvs/tv-buying-guide/,0,1,1
https://www.samsung.com/levant/audio-sound/galaxy-buds/galaxy-buds3-pro-silver-sm-r630nzaamea/,0,1,1
https://www.samsung.com/levant/washers-and-dryers/washing-machines/,0,1,1
https://www.samsung.com/levant/lifestyle-tvs/the-frame/highlights/,0,1,1
https://www.samsung.com/levant/info/contactus/,0,1,1
https://www.samsung.com/levant/audio-devices/all-audio-devices/,0,1,1
https://www.samsung.com/levant/mypage/,0,1,1
https://survey3.medallia.com/?web&c=27&lng=en,0,1,1
https://www.samsung.com/levant/refrigerators/top-mount-freezer/,0,1,1
https://www.samsung.com/levant/vacuum-cleaners/all-vacuum-cleaners/,0,1,1
https://www.samsung.com/levant/tvs/gaming-tv/,0,1,1
https://www.samsung.com/levant/lifestyle-tvs/,0,1,1
https://www.samsung.com/levant/sustainability/accessibility/overview/,0,1,1
https://www.youtube.com/channel/UCtoGkVd-dOdBEhtW4jEULYg,0,1,1
https://www.samsung.com/levant/sustainability/security-and-privacy/,0,1,1
https://www.samsung.com/levant/smartphones/galaxy-s24-ultra/,0,1,1
https://www.samsung.com/levant/installment-programs/,0,1,1
https://www.samsung.com/levant/projectors/all-projectors/,0,1,1
https://www.samsung.com/levant/smartphones/galaxy-s24/,0,1,1
https://www.samsung.com/levant/watches/galaxy-watch/galaxy-watch7-40mm-green-bluetooth-sm-l300nzgamea/,0,1,1
https://www.samsung.com/levant/smartphones/galaxy-z/,0,1,1
https://www.samsung.com/levant/ai-products/,0,1,1
https://www.samsung.com/levant/support/service-center/,0,1,1
https://www.samsung.com/levant/tvs/smart-tv/highlights/,0,1,1
https://shop.samsung.com/jo/mypage/wishlist,0,1,1
https://www.instagram.com/samsunglevant/,0,1,1
https://www.samsung.com/levant/tvs/help-me-choose/,0,1,1
https://www.samsung.com/levant/shop-faq/delivery-and-installations/,0,1,1
https://www.samsung.com/levant/support/sign-language/,0,1,1
https://shop.samsung.com/jo/my-account/orders,0,1,1
https://www.samsung.com/levant/why-samsung-account/,0,1,1
https://www.samsung.com/levant/lifestyle-tvs/the-frame/,0,1,1
https://r2.community.samsung.com/t5/SELV-Jordan/ct-p/jo,0,1,1
https://www.samsung.com/levant/tablets/,0,1,1
https://www.samsung.com/levant/tvs/,0,1,1
https://www.samsung.com/levant/cooking-appliances/,0,1,1
https://www.samsung.com/levant/multistore/jo_samsung_partner/,0,1,1
https://www.samsung.com/levant/apps/,0,1,1
https://www.samsung.com/levant/washers-and-dryers/all-washers-and-dryers/?top-loader,0,1,1
https://samsung-livechat.sprinklr.com/website/levant/en/samsung-livechat.html,0,1,1
https://www.samsung.com/levant/smartphones/compare/,0,1,1
https://www.samsung.com/levant/apps/smart-switch/,0,1,1
https://www.samsung.com/levant/offer/mobile/smartphones/,0,1,1
https://www.samsung.com/levant/smartphones/all-smartphones/#content,0,1,1
https://www.samsung.com/levant/offer/mobile/tablets/,0,1,1
https://www.samsung.com/levant/smartphones/,0,1,1
https://www.samsung.com/levant/cooking-appliances/hoods/,0,1,1
https://www.samsung.com/levant/mobile-accessories/,0,1,1
https://www.samsung.com/levant/tvs/43-inch-tvs/,0,1,1
https://www.samsung.com/levant/dishwashers/all-dishwashers/,0,1,1
https://live-chat-static.sprinklr.com/chat/page/lqRt9K-W6/index.html?appId=6028d97a37a6803d49146fcf_app_810183&device=MOBILE,0,1,1
https://www.samsung.com/levant/tvs/uhd-4k-tv/,0,1,1
https://www.samsung.com/levant/support/contact/#contactinfo,0,1,1
https://www.samsung.com/levant/tvs/8k-tv/highlights/,0,1,1
https://www.samsung.com/levant/watches/,0,1,1
https://www.samsung.com/levant/lifestyle-tvs/the-sero/the-sero-43-inch-4k-smart-tv-ls05t-navy-blue-qa43ls05tauxzn/,0,1,1
https://www.samsung.com/levant/lifestyle-tvs/the-serif/,0,1,1
https://www.samsung.com/levant/vacuum-cleaners/all-vacuum-cleaners/?battery-packs-and-accessories,0,1,1
https://www.samsung.com/levant/smartphones/galaxy-z-flip6/,0,1,1
https://www.samsung.com/levant/tvs/85-inch-tvs/,0,1,1
https://www.samsung.com/levant/monitors/gaming/,0,1,1
https://www.samsung.com/levant/service-terms-and-conditions1/,0,1,1
https://www.samsung.com/levant/business/,0,1,1
https://www.samsung.com/levant/vacuum-cleaners/canister/,0,1,1
https://www.samsung.com/levant/air-conditioners/all-air-conditioners/,0,1,1
https://www.samsung.com/levant/monitors/all-monitors/,0,1,1
https://wa.me/+962797777421,0,1,1
https://www.samsung.com/levant/offer/mobile/wearables-and-accessories/,0,1,1
https://www.samsung.com/levant/apps/samsung-health/,0,1,1
https://www.samsung.com/levant/apps/samsung-members/,0,1,1
https://www.samsung.com/levant/shop-faq/service-and-warranty/,0,1,1
https://www.samsung.com/levant/washers-and-dryers/airdresser/dryer-df60r8600cg-df60r8600cg-eu/,0,1,1
https://www.samsung.com/levant/tvs/oled-tv/highlights/,0,1,1
https://www.samsung.com/levant/mypage/rewards/,0,1,1
https://www.samsung.com/levant/washers-and-dryers/,0,1,1
https://eu.community.samsung.com/t5/kudos/messagepage/board-id/uk-galaxy-s/message-id/84569/tab/all-users,0,1,1
https://eu.community.samsung.com/rss/message?board.id=uk-galaxy-s&message.id=84569,0,1,1
https://eu.community.samsung.com/t5/tag/S21+/tg-p/board-id/uk-galaxy-s,0,1,1
https://eu.community.samsung.com/t5/forums/forumtopicprintpage/board-id/uk-galaxy-s/message-id/84570/print-single-message/true/page/1,0,1,1
https://eu.community.samsung.com/t5/other-galaxy-s-series/galaxy-s9-and-lidar/td-p/7504475,0,1,1
https://eu.community.samsung.com/t5/forums/forumtopicprintpage/board-id/uk-galaxy-s/message-id/84568/print-single-message/true/page/1,0,1,1
https://eu.community.samsung.com/t5/user/viewprofilepage/user-id/19334866,0,1,1
https://eu.community.samsung.com/rss/message?board.id=uk-galaxy-s&message.id=84570,0,1,1
https://eu.community.samsung.com/t5/other-galaxy-s-series/samsung-smartphone-with-asha-technology/m-p/8915221/highlight/true#M84571,0,1,1
https://khoros.com/powered-by-khoros,0,1,1
https://eu.community.samsung.com/t5/tag/hearing%20aid/tg-p/board-id/uk-galaxy-s,0,1,1
https://eu.community.samsung.com/t5/forums/v5/forumtopicpage.kudosbuttonv2.kudoentity:kudoentity/kudosable-gid/3038370?t:ac=board-id/uk-galaxy-s/thread-id/84567&t:cp=kudos/contributions/tapletcontributionspage&ticket=lzCCCCL4LSZX_-1,0,1,1
https://eu.community.samsung.com/t5/other-galaxy-s-series/backup-photos-from-stolen-device/td-p/8346043,0,1,1
https://eu.community.samsung.com/t5/other-galaxy-s-series/sly-sneaky-scammers-that-are-samsung-avoid/td-p/7856590,0,1,1
https://eu.community.samsung.com/t5/user/viewprofilepage/user-id/12530016,0,1,1
https://eu.community.samsung.com/t5/notifications/notifymoderatorpage/message-uid/3649301,0,1,1
https://eu.community.samsung.com/t5/forums/forumtopicprintpage/board-id/uk-galaxy-s/message-id/84571/print-single-message/true/page/1,0,1,1
https://eu.community.samsung.com/t5/english/ct-p/uk,0,1,1
https://eu.community.samsung.com/t5/other-galaxy-s-series/bd-p/uk-galaxy-s/page/419,0,1,1
https://eu.community.samsung.com/t5/help/faqpage,0,1,1
https://eu.community.samsung.com/t5/forums/forumtopicprintpage/board-id/uk-galaxy-s/message-id/84567/print-single-message/false/page/1,0,1,1
https://eu.community.samsung.com/t5/notifications/notifymoderatorpage/message-uid/7056611,0,1,1
https://eu.community.samsung.com/bgros26334/rss/message?board.id=uk-galaxy-s&message.id=84567,0,1,1
https://eu.community.samsung.com/t5/other-galaxy-s-series/pdf-e-mail-attachment-attaching-as-html-file/td-p/8913824,0,1,1
https://v3.account.samsung.com/policy/privacy,0,1,1
https://eu.community.samsung.com/t5/forums/forumtopicprintpage/board-id/uk-galaxy-s/message-id/84569/print-single-message/true/page/1,0,1,1
https://eu.community.samsung.com/t5/forums/v5/forumtopicpage.kudosbuttonv2.kudoentity:kudoentity/kudosable-gid/8915221?t:ac=board-id/uk-galaxy-s/thread-id/84567&t:cp=kudos/contributions/tapletcontributionspage&ticket=lzCCCCL4LSZX_-1,0,1,1
https://eu.community.samsung.com/plugins/custom/samsung/samsung_oauth_sso/sso_login_redirect?referer=https%3A%2F%2Feu.community.samsung.com%2Ft5%2Fother-galaxy-s-series%2Fsamsung-smartphone-with-asha-technology%2Ftd-p%2F3038370&countryCode=GB&locale=en-gb,0,1,1
https://eu.community.samsung.com/t5/other-galaxy-s-series/asha-technology/td-p/3038585,0,1,1
https://eu.community.samsung.com/t5/other-galaxy-s-series/samsung-smartphone-with-asha-technology/m-p/7056611/highlight/true#M84569,0,1,1
https://eu.community.samsung.com/t5/forums/v5/forumtopicpage.kudosbuttonv2.kudoentity:kudoentity/kudosable-gid/7056611?t:ac=board-id/uk-galaxy-s/thread-id/84567&t:cp=kudos/contributions/tapletcontributionspage&ticket=lzCCCCL4LSZX_-1,0,1,1
https://eu.community.samsung.com/t5/forums/v5/forumtopicpage.kudosbuttonv2.kudoentity:kudoentity/kudosable-gid/8891335?t:ac=board-id/uk-galaxy-s/thread-id/84567&t:cp=kudos/contributions/tapletcontributionspage&ticket=lzCCCCL4LSZX_-1,0,1,1
https://eu.community.samsung.com/t5/other-galaxy-s-series/samsung-smartphone-with-asha-technology/m-p/3649301/highlight/true#M84568,0,1,1
https://eu.community.samsung.com/t5/forums/filteredbylabelpage/board-id/uk-galaxy-s/label-name/hearing aid,0,1,1
https://eu.community.samsung.com/t5/forums/forumtopicprintpage/board-id/uk-galaxy-s/message-id/84567/print-single-message/true/page/1,0,1,1
https://www.samsung.com/uk/info/legal/,0,1,1
https://eu.community.samsung.com/t5/forums/v5/forumtopicpage.enableautocomplete:enableautocomplete?t:ac=board-id/uk-galaxy-s/thread-id/84567&t:cp=action/contributions/searchactions&ticket=lzCCCCL4LSZX_-1,0,1,1
https://eu.community.samsung.com/t5/other-galaxy-s-series/samsung-smartphone-with-asha-technology/m-p/8891335/highlight/true#M84570,0,1,1
https://eu.community.samsung.com/t5/notifications/notifymoderatorpage/message-uid/3038370,0,1,1
https://eu.community.samsung.com/t5/other-galaxy-s-series/bd-p/uk-galaxy-s,0,1,1
https://eu.community.samsung.com/t5/user/viewprofilepage/user-id/16604957,0,1,1
https://eu.community.samsung.com/rss/message?board.id=uk-galaxy-s&message.id=84568,0,1,1
https://eu.community.samsung.com/t5/news-rules-faqs/community-terms-of-service/m-p/92,0,1,1
https://eu.community.samsung.com/t5/notifications/notifymoderatorpage/message-uid/8891335,0,1,1
https://eu.community.samsung.com/rss/message?board.id=uk-galaxy-s&message.id=84567,0,1,1
https://eu.community.samsung.com/t5/kudos/messagepage/board-id/uk-galaxy-s/message-id/84568/tab/all-users,0,1,1
https://eu.community.samsung.com/t5/notifications/notifymoderatorpage/message-uid/8915221,0,1,1
https://eu.community.samsung.com/t5/tag/ASHA/tg-p/board-id/uk-galaxy-s,0,1,1
https://eu.community.samsung.com/t5/forums/filteredbylabelpage/board-id/uk-galaxy-s/label-name/ASHA,0,1,1
https://eu.community.samsung.com/t5/products/ct-p/product-cat-uk,0,1,1
https://eu.community.samsung.com/rss/message?board.id=uk-galaxy-s&message.id=84571,0,1,1
https://source.android.com/devices/bluetooth/asha?hl=en,0,1,1
https://eu.community.samsung.com/t5/other-galaxy-s-series/samsung-smartphone-with-asha-technology/m-p/3038370/highlight/true#M84567,0,1,1
https://eu.community.samsung.com/t5/forums/v5/forumtopicpage.kudosbuttonv2.kudoentity:kudoentity/kudosable-gid/3649301?t:ac=board-id/uk-galaxy-s/thread-id/84567&t:cp=kudos/contributions/tapletcontributionspage&ticket=lzCCCCL4LSZX_-1,0,1,1
https://eu.community.samsung.com/t5/other-galaxy-s-series/camera-timer-countdown-not-working-correcly/td-p/3037524,0,1,1
https://eu.community.samsung.com/t5/cookie-policy/ct-p/cookie-policy-uk,0,1,1
https://eu.community.samsung.com/t5/other-galaxy-s-series/samsung-s21-fe-5g-display-issue-after-update-need-official/td-p/10157112,0,1,1
https://eu.community.samsung.com/t5/user/viewprofilepage/user-id/60408415,0,1,1
https://eu.community.samsung.com/t5/smartphones/ct-p/smartphones-uk,0,1,1
https://accounts.reddit.com/adsregister?utm_source=web3x_consumer&utm_name=left_nav_cta,0,1,1
https://www.reddit.com/avatar/shop,0,1,1
https://www.reddit.com/r/SamsungDex/comments/ke63xo/moving_mouse_between_samsung_smartphone_and/#main-content,0,1,1
https://reddit.com/t/romance_movies_and_series/,0,1,1
https://reddit.com/t/tv_news_and_discussion/,0,1,1
https://reddit.com/t/documentary_movies_and_series/,0,1,1
https://www.redditinc.com/careers,0,1,1
https://reddit.com/t/role_playing_games/,0,1,1
https://reddit.com/t/diy_electronics/,0,1,1
https://reddit.com/t/esports/,0,1,1
https://reddit.com/t/3d_printing/,0,1,1
https://reddit.com/t/other_games/,0,1,1
https://reddit.com/t/strategy_games/,0,1,1
https://reddit.com/t/amazing/,0,1,1
https://reddit.com/t/generations_and_nostalgia/,0,1,1
https://play.google.com/store/apps/details?id=com.reddit.frontpage,0,1,1
https://reddit.com/t/funny/,0,1,1
https://reddit.com/t/software_and_apps/,0,1,1
https://reddit.com/t/sports_and_racing_games/,0,1,1
https://www.reddit.com/login/,0,1,1
https://reddit.com/t/movie_news_and_discussion/,0,1,1
https://reddit.com/t/virtual_and_augmented_reality/,0,1,1
https://apps.apple.com/US/app/id1064216828,0,1,1
https://reddit.com/t/artificial_intelligence_and_machine_learning/,0,1,1
https://www.reddit.com/posts/2020/,0,1,1
https://reddit.com/t/q_and_as/,0,1,1
https://www.reddit.com/posts/2020/december/,0,1,1
https://reddit.com/t/celebrities/,0,1,1
https://reddithelp.com/hc/sections/360008917491-Account-Security,0,1,1
https://www.reddit.com/posts/2020/december-16-1/,0,1,1
https://www.reddit.com/,0,1,1
https://www.reddit.com/r/SamsungDex/,0,1,1
https://reddit.com/t/wholesome_and_heartwarming/,0,1,1
https://reddit.com/t/computers_and_hardware/,0,1,1
https://reddit.com/t/gaming_news_and_discussion/,0,1,1
https://reddit.com/t/reddit_meta/,0,1,1
https://reddit.com/t/stories_and_confessions/,0,1,1
https://www.reddit.com/r/SamsungDex/?f=flair_name%3A%22Answered%22,0,1,1
https://reddit.com/t/adventure_games/,0,1,1
https://reddit.com/t/tabletop_games/,0,1,1
https://reddit.com/t/animals_and_pets/,0,1,1
https://www.reddit.com/user/anotheruser1124/,0,1,1
https://accounts.reddit.com/adsregister?utm_source=web3x_consumer&utm_name=user_menu_cta,0,1,1
https://reddit.com/t/podcasts/,0,1,1
https://reddit.com/t/action_games/,0,1,1
https://reddit.com/t/animated_movies_and_series/,0,1,1
https://www.reddit.com/best/communities/34/#t5_4bhpo/,0,1,1
https://www.redditinc.com/policies/privacy-policy,0,1,1
https://www.redditinc.com/policies/content-policy,0,1,1
https://www.redditinc.com/policies/user-agreement,0,1,1
https://support.reddithelp.com/hc?utm_source=reddit&utm_medium=footer&utm_campaign=evergreen,0,1,1
https://reddit.com/t/comedy_movies_and_series/,0,1,1
https://reddit.com/t/superhero_movies_and_series/,0,1,1
https://reddit.com/t/horror_movies_and_series/,0,1,1
https://reddit.com/t/streamers/,0,1,1
https://www.reddit.com/topics/a-1/,0,1,1
https://reddit.com/t/programming/,0,1,1
https://reddit.com/t/drama_movies_and_series/,0,1,1
https://reddit.com/t/oddly_satisfying/,0,1,1
https://reddit.com/t/interesting/,0,1,1
https://reddit.com/t/tech_news_and_discussion/,0,1,1
https://reddit.com/t/mobile_games/,0,1,1
https://reddit.com/t/reality_tv/,0,1,1
https://reddit.com/t/fantasy_movies_and_series/,0,1,1
https://reddit.com/t/consumer_electronics/,0,1,1
https://redditinc.com,0,1,1
https://www.reddit.com/best/communities/1/,0,1,1
https://reddit.com/t/streaming_services/,0,1,1
https://www.reddit.com/posts/2024/global/,0,1,1
https://redditblog.com/,0,1,1
https://reddit.com/t/creators_and_influencers/,0,1,1
https://www.reddit.com/policies/privacy-policy,0,1,1
https://reddit.com/t/memes/,0,1,1
https://reddit.com/t/cringe_and_facepalm/,0,1,1
https://reddit.com/t/tarot_and_astrology/,0,1,1
https://reddit.com/t/gaming_consoles_and_gear/,0,1,1
https://reddit.com/t/crime_mystery_and_thriller_movies_and_series/,0,1,1
https://www.redditinc.com/press,0,1,1
https://reddit.com/t/simulation_games/,0,1,1
https://reddit.com/t/action_movies_and_series/,0,1,1
https://reddit.com/t/scifi_movies_and_series/,0,1,1
https://www.redditinc.com,0,1,1
https://semiconductor.samsung.com/foundry/application-specific-service/iot/,0,1,1
https://semiconductor.samsung.com/sustainability/environment/,0,1,1
https://semiconductor.samsung.com/us/event/foundry-events-2022/,0,1,1
https://www.youtube.com/c/@SamsungSemiconductorGlobal,0,1,1
https://semiconductor.samsung.com/processor/modem/,0,1,1
https://semiconductor.samsung.com/kr/event/foundry-events-2022/,0,1,1
https://news.samsungsemiconductor.com/global/,0,1,1
https://semiconductor.samsung.com/global/,0,1,1
https://semiconductor.samsung.com/foundry/application-specific-service/hpc-ai/,0,1,1
https://semiconductor.samsung.com/dram/module/,0,1,1
https://semiconductor.samsung.com/security-solution/payment/,0,1,1
https://semiconductor.samsung.com/kr/,0,1,1
https://semiconductor.samsung.com/processor/showcase/smartphone/#topSection,0,1,1
https://semiconductor.samsung.com/processor/showcase/,0,1,1
https://semiconductor.samsung.com/emea/,0,1,1
https://semiconductor.samsung.com/news-events/events/,0,1,1
https://semiconductor.samsung.com/processor/uwb/,0,1,1
https://semiconductor.samsung.com/applications/mobile/,0,1,1
https://semiconductor.samsung.com/technologies/memory/pim/,0,1,1
https://semiconductor.samsung.com/applications/server/,0,1,1
https://www.youtube.com/c/Samsung/playlists?view=50&sort=dd&shelf_id=7,0,1,1
https://semiconductor.samsung.com/processor/wearable-processor/,0,1,1
https://semiconductor.samsung.com/jp/dsrj/about/,0,1,1
https://semiconductor.samsung.com/support/contact-info/global-network/korea/,0,1,1
https://semiconductor.samsung.com/consumer-storage/support/,0,1,1
https://semiconductor.samsung.com/support/quality-support/product-security-updates/,0,1,1
https://www.bestbuy.com/site/mobile-cell-phones/samsung-galaxy/pcmcat305200050001.c?id=pcmcat305200050001,0,0,0
https://www.amazon.com/samsung-smartphones/s?k=samsung+smartphones,0,0,0
https://news.samsung.com/global/how-samsung-galaxy-has-rewritten-smartphone-history-in-10-innovative-technologies,0,0,0
https://www.bestbuy.com/site/samsung-galaxy/all-samsung-galaxy-phones/pcmcat1661803373461.c?id=pcmcat1661803373461,0,0,0
https://www.amazon.com/Samsung-Galaxy-S21-5G-Snapdragon/dp/B092CFFM84,0,0,0
https://news.samsung.com/us/samsung-galaxy-s21-ultra-unpacked-2021-ultimate-smartphone-experience-designed-epic/#:~:text,0,0,0
https://www.quora.com/Which-came-first-the-Apple-smartphone-or-the-Samsung-smartphone,0,0,0
https://answers.microsoft.com/en-us/msoffice/forum/all/why-do-screenshots-from-my-samsung-smartphone/02281d1f-f382-4fce-90a5-befc879bb785,0,0,0